10000
557 3259
8139 9042
4610 9969
4441 2448
9239 3596
5622 4619
5115 268
6750 9490
9012 7834
9161 7180
7872 286
1458 4976
6378 3313
3440 7408
4612 5902
8327 1521
5513 6466
6915 123
2787 7708
2571 2026
1304 8193
2998 2772
4814 9748
2262 3826
3935 7775
7358 1807
8061 8816
3135 792
8482 2928
8200 3094
5182 2879
967 695
5697 7882
818 8484
5590 9742
6862 6894
4287 9860
6018 9101
5961 4632
9280 9896
2408 6638
8055 469
1807 1191
1261 289
471 5813
9735 5653
8692 702
2700 4389
8584 3518
9225 4174
9612 6088
7420 3900
2300 3439
9353 4613
8071 8633
4509 479
1624 2565
7301 9783
108 8562
72 6931
4376 9807
8936 9420
6861 1636
3810 5445
1506 3035
5971 1119
5475 9743
1371 4128
9534 724
8741 3958
9358 3251
4437 7334
2168 8090
7117 8628
6653 3541
1911 7381
9700 847
6801 6561
8835 6963
8358 341
9999 681
7812 1826
6776 9183
5954 6311
9908 4696
269 5618
4299 1058
2952 2819
9149 6421
1447 5802
9962 3358
9535 6014
557 6336
2575 9392
3300 7285
6085 9651
7966 3898
1477 4742
3081 3784
1053 9341
8480 7674
4959 2779
8733 4263
1950 7882
7036 3397
36 3350
3107 9571
9364 16
2259 1939
5760 5559
5576 1845
1562 3542
2095 9392
4637 1529
3176 2042
870 8008
9717 2182
7139 8450
2797 9089
2684 9834
8838 2720
3184 8297
2291 2549
8313 902
840 4073
6462 6417
2270 4376
6311 4366
120 948
5895 3296
2991 6765
7656 9060
5299 4795
7510 8097
236 6546
7931 9074
9266 7467
3723 7909
6368 2036
8811 7209
2461 1625
9978 4732
2354 6289
9098 2474
3590 1345
2123 2933
4462 9779
1993 9762
927 5855
4211 1163
2401 2142
6590 8019
5961 313
2280 2330
8702 1091
5891 1163
9069 2221
5895 1423
4862 1345
3897 8452
2690 6020
7737 7153
2152 9730
3267 3079
1937 7478
594 690
5972 7184
8709 1933
7498 989
615 2552
8433 6506
3715 7502
5079 5963
8925 9942
7308 9174
4746 6351
1547 2484
9856 3699
8566 3123
6778 504
601 7372
1194 6573
909 6256
4858 4759
7245 5474
7311 5678
8332 1026
9532 3412
6989 8457
9706 650
3984 4452
3353 5531
6936 3209
9230 1855
2684 2360
8711 3285
9732 9905
6210 641
2513 7420
5400 9759
9246 2711
1789 7579
90 1322
7343 3431
6131 7049
433 6467
7853 3786
1998 1142
6995 7580
2997 9679
9940 1708
9316 6025
7965 1878
6666 479
9299 8419
6590 8545
7482 4731
2476 3924
2405 6171
7356 4889
9572 4141
1356 7426
7928 9707
8568 1275
7287 7917
7307 7228
5977 2975
9605 294
4854 6271
773 505
1042 3715
5402 4877
4799 7879
5153 7204
402 2509
8445 9975
3003 9802
7401 931
9509 2321
8558 3148
238 5865
6728 6215
8841 6333
6509 47
8957 3635
552 9999
3702 2306
1228 8501
6537 6382
2058 6940
5243 503
6915 8246
6657 4316
5529 2518
6637 4088
5667 3227
6305 2395
5794 1498
8729 8655
1545 7686
2290 8449
4037 2345
756 5266
7198 7293
8000 5608
585 9595
6112 7500
4194 9121
8168 9723
1640 1157
3811 7307
4384 6469
6054 6530
7967 4783
5186 9513
2469 3828
4314 2859
6173 1422
4477 9724
5068 8829
5332 5653
8424 7796
3154 2618
6918 7674
2342 4910
8832 2505
2217 9568
8974 8271
6099 3294
9407 1285
2807 8228
5113 3473
1087 7639
4896 1916
7363 9964
745 2695
5617 9170
6844 5123
1788 3762
2798 482
8672 1630
9340 7241
1198 4666
1864 7297
7960 1271
8582 7119
5852 48
593 6939
7687 5489
8856 1402
5453 5953
4097 1070
5123 941
6194 3264
1055 5344
3746 6079
6974 9438
9672 4524
4105 1537
1822 2065
9160 6756
9185 5012
6804 9778
8304 843
1619 3512
2245 7072
9465 2695
4494 4589
9988 7040
7853 1044
2384 7951
3475 5710
7390 3148
235 1495
4685 8409
9912 197
5165 5449
5210 8322
1579 3514
5517 3198
7026 7763
6622 6491
6810 1117
7432 6798
4509 5285
4194 6894
9589 7670
8956 6979
7170 9191
4826 8207
7600 1090
8404 9118
6540 3614
7440 8119
7128 2957
7670 506
7072 4292
3350 3882
5409 782
681 6271
6068 1227
3165 2009
5249 8473
8988 2419
7665 166
626 5265
1256 9031
735 7796
2645 8175
2268 6126
7485 9938
2984 4557
4230 6334
4792 5992
7117 5473
2263 9537
3052 1780
1546 8302
253 6886
721 7918
7052 1348
9536 4660
6731 271
2457 5728
4799 4725
8206 2284
1015 1191
3193 5245
7525 7985
7589 994
9810 9852
6883 2863
7984 8429
1165 8238
1667 8238
2508 8719
5938 8396
3380 2669
5020 2189
8398 9819
3266 6604
8455 4281
7795 1648
5878 1673
5986 3468
9019 5796
9672 5903
8659 7657
684 6176
5895 2352
4415 4755
1071 6705
3152 803
9375 4524
2992 7773
695 2610
729 9150
6891 8525
7150 2770
6550 3136
2590 1921
5285 2262
7824 296
9919 8509
6473 2166
861 7240
6922 8284
3945 6426
9088 9672
950 8432
3797 1645
1043 4527
795 4286
9404 4297
7056 5954
3786 5998
7875 9071
8261 2052
9367 8180
561 2192
347 7774
5784 3621
6058 6082
47 1498
5754 997
6283 9552
8994 3678
4079 6141
7964 9835
438 1373
2141 4224
7371 16
9647 5632
8420 9015
165 5333
7559 6864
3107 3344
485 5518
5778 6884
3368 1532
7881 9651
7436 6875
9681 7867
3016 7646
7702 9806
9019 9843
383 2742
6212 30
8375 984
5397 4892
6318 2957
1756 5777
2653 8593
7647 8431
5477 1016
6315 9710
7019 104
6585 6701
4323 5953
699 2026
2111 6070
8221 2494
8812 785
2525 3539
8122 7922
8431 4440
7231 6539
6569 9884
5132 4217
4667 609
1585 983
319 8604
7439 3256
1657 1762
5561 8708
3788 7673
4778 8362
6519 3591
5499 9044
7130 3621
3319 1914
4413 550
8453 983
6787 3586
5200 1454
547 6785
8789 7219
1741 6228
475 9751
7991 2389
8459 8131
6414 9590
2845 2933
3181 4697
1978 6663
8318 1649
8577 2732
8551 3383
3715 5338
6969 5267
3145 3868
8404 8286
1087 145
867 7915
6248 8858
6656 1060
3341 3070
650 2539
6003 183
7236 4333
6846 1906
2334 1776
4638 886
5159 4705
2576 8480
6324 2073
2348 4728
360 9788
1226 1227
7703 7474
6437 711
8534 6130
3781 5536
8669 6136
5719 5905
470 2566
7812 2804
4342 8802
42 9501
9860 2619
7981 2536
4692 6681
7265 1404
6469 8491
2631 524
2317 5420
1235 7204
1551 1368
2740 220
7505 8460
2478 4327
7378 6642
3483 8072
1796 3526
3925 1656
6145 8258
545 7189
4939 7810
8594 7761
2653 7577
8285 4970
2998 5873
2174 4549
7241 1267
4769 1098
6079 3599
5425 3457
241 8909
1529 8390
8787 1806
6398 4932
64 6943
8473 1355
4753 3419
9116 7406
997 3754
8729 3995
5979 7255
8544 9572
8522 9665
671 4601
9617 2448
4410 9858
1357 2291
4600 6496
4097 999
7780 4161
7942 6254
5517 2696
9673 985
6454 670
4739 1535
1017 718
8791 5913
291 3665
5579 7314
4619 5196
9762 5381
1406 7472
7673 2359
3968 1770
3358 1749
2284 1300
4355 4153
348 4028
5138 3155
1051 6230
4690 8420
3300 9833
4334 3591
3499 6265
7257 4470
7813 7020
9851 5571
844 7524
7930 4812
5647 1288
2913 4283
2589 7268
4788 9289
7649 6278
2444 5052
2508 7135
3472 5809
6968 7806
5752 6819
4071 3010
1289 1884
6382 7493
7456 7226
1369 5386
2038 7016
3027 1304
7651 5616
8572 2439
4905 2573
8718 7350
7625 7578
837 1098
9739 4157
5256 5492
977 9328
4854 8618
7564 1236
6111 1372
8462 7481
3111 6852
849 6138
8156 4853
8106 3081
7292 3011
5654 2362
6713 3280
6293 3902
4378 6032
8060 5986
1524 9037
1666 6378
7655 9231
3966 119
6955 2428
7600 66
9281 4801
6204 3789
9654 4310
6870 3299
3674 2525
5661 6739
2157 8306
642 2887
4339 8702
8873 2215
7739 540
8594 1746
9771 2560
8217 3078
1341 2169
3145 6974
6971 5701
763 6625
6364 3986
9924 38
2863 1938
6777 5020
244 3771
7907 935
2473 6780
3151 6564
7320 8097
4663 3443
7009 2880
2874 8350
5050 6019
5324 8373
8072 2440
1350 4436
6426 1275
4474 5641
9565 7604
661 6161
1375 8568
3449 201
1700 6600
6765 5373
4697 1428
5168 1706
661 8042
6409 2063
4061 1733
436 2134
525 1786
2922 3303
9413 3749
8944 5330
1353 9605
7844 9080
4525 1293
5633 6226
7893 2399
7951 8942
179 3119
7000 7192
1162 3409
9255 5223
1495 9691
3709 2020
7830 6632
1676 7243
381 6972
8926 8086
2930 6770
3518 7455
8063 5504
33 2308
7903 7984
1250 4434
1104 8250
1627 2266
1660 7234
3841 9507
3278 3903
1527 1108
6887 9555
4703 3620
6528 3629
8058 9458
399 7928
3265 8462
3432 3299
7122 7687
7635 8372
2122 8739
2975 101
7357 987
7335 7551
494 6965
1454 8373
8073 4693
4281 2777
8313 809
6406 6371
267 6806
4299 3532
1620 4084
3183 8743
1771 819
3467 245
5910 2794
346 9620
133 4034
7171 6979
999 4977
1705 9073
9670 5986
8202 7983
6795 960
706 3414
7766 1357
6946 5739
5441 6482
834 7213
7301 653
7458 9563
9800 4157
9183 9933
8191 6354
3265 5542
1331 4970
967 1001
956 9169
5336 7751
130 6042
1165 4248
3752 4463
6339 9193
945 3525
6406 4598
4179 217
4162 331
4374 3345
264 8917
6052 9881
4459 7383
4851 5427
4737 5807
948 6425
9910 7430
8820 1075
1679 2572
1891 4370
1765 9188
7896 4524
3787 2075
4741 4301
8758 5467
7646 5374
4384 3698
5256 5195
7434 107
6974 8523
5915 7923
1300 2177
5353 120
9605 3384
2692 1496
7755 810
684 5651
1686 823
4078 2779
5124 2836
8246 9123
8210 8982
9173 3466
4177 2959
9926 7504
1482 2193
5427 2783
4370 7132
9255 3975
517 8300
1823 4624
9110 8860
275 796
9683 705
3575 4808
3541 8173
283 8103
7155 9456
7922 7684
2416 4200
1540 250
6393 6967
9385 7115
452 8641
1091 7321
6941 9266
1945 2403
8126 8572
9551 7810
9277 3126
8970 9170
7651 9253
3625 4806
8709 1547
8842 7477
5747 383
7728 8492
3702 7113
5608 506
5754 3051
7827 9047
2317 6124
1450 444
4696 1001
4606 325
479 3576
9495 8130
9181 3121
9288 4242
1020 4483
1720 6768
1218 9448
1612 1272
6561 7220
1779 8668
271 5958
7715 2589
2083 5518
9385 6779
2871 3991
7105 3351
3919 2952
7833 3100
6073 3474
3694 3446
7957 5414
214 5527
1214 1826
6799 7776
5399 8578
2796 5670
4537 6863
4611 2972
2381 348
9751 5253
691 3208
4956 4610
2513 2789
4062 8586
2615 7757
2032 572
3171 8598
2451 4386
6777 9251
8514 8528
4181 7662
550 5070
4525 1514
8042 6907
1862 4146
8512 2554
7354 3468
3516 9867
2609 7579
4806 5225
1688 3190
2149 1211
8141 4601
5597 1270
204 463
9798 4385
8125 348
5808 2651
1862 3850
5910 3725
7996 4422
2631 1703
4242 6147
7922 6851
78 9080
8428 1766
8623 578
2978 6764
1531 4927
8034 1735
5391 7832
2472 9868
4532 8280
8871 6395
8483 4781
6472 2831
5555 9103
4534 9797
1602 8809
6649 1681
4241 5077
3447 2864
2007 2777
9628 9890
7705 4014
1625 9448
8198 450
5668 2731
5082 4540
9126 9917
5673 1950
2749 1229
1053 3635
1026 9007
2444 4027
688 6686
5457 488
5902 7464
9617 5531
7355 7322
5897 5332
3122 4096
2134 8791
3179 3569
9683 8657
3486 5356
607 6235
2937 8012
9871 316
7019 8667
4343 4060
1705 6152
900 7608
3617 517
9491 7324
7840 5388
9008 7314
5836 7495
2457 9015
1064 2140
7672 4550
3849 8279
7138 6786
2643 3361
7102 9663
2028 7798
3723 86
3950 4623
7694 3919
5140 3537
7595 9332
5277 2956
2999 1114
451 5456
6481 7867
7597 506
8769 1446
5137 5907
4584 7781
9268 8039
7444 7649
5837 7519
7735 6139
8494 5429
6411 9986
5318 4006
5671 595
6962 8670
8061 3765
4126 4543
1632 1723
5049 402
9521 186
2661 458
7967 1930
8497 1763
5931 686
5634 3666
6825 4128
5447 3236
4115 765
3595 9786
1360 6909
4808 9422
675 8934
317 8659
7010 5366
9061 2883
1904 8075
3341 6224
5 1838
7987 5936
8876 3622
5954 5702
4102 1401
5290 8217
2166 8885
4355 9878
5795 9163
5652 2822
8098 5969
1481 1460
7687 6895
4343 9592
4970 7685
5816 1327
5875 155
3615 4752
129 9569
6806 4232
7322 2096
2449 5840
7334 3157
5718 9481
8672 7723
2303 3122
44 136
4582 7732
7031 8926
3676 8353
2963 5844
9680 5190
5999 9647
9942 6129
5568 3100
361 2890
5197 9162
8730 8883
8671 801
8364 7344
8524 7019
466 4920
7155 5049
2652 539
327 2680
8892 9642
8524 4925
4832 4524
924 1127
7005 6493
4227 3718
9383 5776
2880 4466
4659 1552
5267 9375
8896 143
6394 5714
5063 9902
763 4068
441 7442
6748 5685
7084 5273
6962 1917
6149 7887
3044 3154
732 3623
6872 115
9400 6104
4581 411
4008 6200
6139 2904
6343 8885
4971 7759
8787 5734
1827 5580
3177 4927
7618 261
200 4580
8530 2701
8819 7926
5855 5903
1550 9079
6019 7302
5184 6952
4065 5544
3153 204
8449 5848
9090 3420
3607 7877
5506 1786
9810 5035
6714 7428
1649 3266
8360 179
5968 3532
8106 8175
9435 6008
7255 5454
3310 8791
8759 7375
4335 1912
7580 9136
4112 6670
8908 7720
899 767
5858 709
5802 2572
8137 7451
5839 2850
3983 1807
6382 2089
9982 5817
8097 3589
7624 7759
8732 2735
5134 9420
999 9066
4908 5111
5736 3817
9183 2988
936 5042
49 6738
7614 4539
542 9805
7389 4525
1612 3771
2966 7947
5940 7415
7888 9916
5174 2973
2651 308
2393 3650
9375 7301
5114 1463
7470 4297
803 8406
9339 853
5145 3306
5392 2039
3111 2781
2916 1076
2904 5882
9023 5196
3297 3263
5113 4823
6236 4116
1483 8629
4119 7210
2283 9233
8674 9753
3530 5829
8160 2870
6682 9657
6176 2074
1696 5639
1207 4612
6715 463
6846 2090
5660 143
5354 7125
1318 7942
1241 2801
6572 5360
12 8855
4593 5038
4960 4476
867 3120
7346 7550
2777 9874
5976 4473
1865 3536
5437 8581
3999 2283
671 6011
2426 2377
3136 96
320 730
2898 3244
6090 2910
8451 7036
7948 3411
1512 5167
6532 5210
9069 5661
1436 5046
135 3301
4934 5572
8234 8933
7856 8906
4945 6634
7635 4433
6731 4307
5163 5981
7551 1254
8891 2354
4642 3191
5766 2506
4710 8650
4068 3780
4311 5504
5178 798
5157 112
6371 3392
5397 579
8650 6694
3565 2637
1128 296
6945 6291
2629 4496
3897 7872
6851 4891
1063 8969
7397 2126
3971 1465
5906 8282
3321 7436
9081 8479
3900 1804
8223 9297
2383 3225
5992 5948
5862 3472
2597 2807
9763 5226
7304 3661
3099 507
8552 514
5828 2302
2640 9799
3767 4898
8081 3441
8686 3514
8272 2586
5318 6495
8236 4053
9720 4228
2 5582
4052 8951
4742 3815
529 2046
3828 3628
8905 8733
495 4733
1035 9487
4532 1154
4386 8965
947 9424
2480 9219
2011 7798
5714 247
1852 1786
827 8206
3721 4879
3509 8463
8694 4038
6861 8875
4019 5766
3960 4514
499 4995
4001 1383
2501 4739
348 3449
4164 2828
2668 6175
6979 4735
2774 5183
6521 3601
3389 6594
8480 3250
5057 3526
7288 1918
8753 1307
7684 2713
2173 4535
4060 2527
5918 2914
7266 2619
6363 1430
5447 5383
3957 2426
6470 3083
7609 9344
6684 7350
5938 1516
6952 996
1395 593
9266 6500
1900 6951
9214 426
7838 3274
2953 109
2540 219
2728 8903
8002 8175
639 8311
6954 7109
1395 915
2805 4431
4618 8744
2300 1570
6092 3695
2163 5358
195 416
8661 5761
7194 6500
5388 147
2961 7928
6718 5689
3184 1072
216 3823
5736 3522
7284 7131
4438 90
7914 5408
5186 214
3330 1278
261 5494
6636 6809
2262 5298
2570 9456
8150 4310
5955 1111
2239 2673
3152 1775
98 9720
1950 5834
3243 9234
9317 4033
5676 7231
9441 862
3798 9123
8492 4059
969 5129
868 3231
6779 9791
9039 1281
453 4994
8744 2692
4020 8248
4467 4118
7968 6417
6304 1211
2004 5621
1596 4032
2852 7389
1247 3002
6513 9739
7062 7482
1220 4282
7066 4351
425 6105
5632 879
7452 728
9923 7824
8976 743
8294 6945
3512 4598
4508 5516
219 6105
9549 9423
3494 7148
2426 7
6887 5840
3842 8108
6474 908
2459 6900
7013 4444
4131 817
1524 4054
8641 501
4797 3287
3798 4662
7885 4658
178 4456
763 6079
232 610
3227 9010
6969 6467
1202 811
4575 7676
1719 3386
928 5085
7830 1411
5902 9355
5466 896
6208 6615
4183 6358
1277 8421
1016 7808
2877 8132
239 9461
8742 3467
4823 2063
6286 6025
2875 861
54 4594
4247 982
6031 8430
2394 1934
4137 4212
2830 6697
7179 3365
3055 4809
1786 4071
2617 1016
2203 2856
477 7297
2675 5301
9361 8961
7678 2236
6174 7732
3182 6774
5067 9214
1556 7461
7500 5693
8025 6682
8742 5204
47 1797
6365 1834
2220 8982
2850 4424
8191 9679
1721 7218
4980 7434
2532 2659
9670 8706
6743 9205
5480 1810
4771 3388
5623 2271
5433 3648
8953 4175
5205 9000
5972 1570
7186 8193
6905 6388
8969 5096
6068 7042
8666 7400
4477 1198
6411 499
9905 3155
6056 1737
4965 827
1478 589
9450 6911
589 8403
1087 2146
3756 3411
3717 7294
7956 6974
3683 6925
8422 9751
320 7088
7151 1149
8287 9915
1648 4544
3070 7705
2633 4387
4884 4111
1328 4335
1023 8270
9090 8462
416 2846
1873 485
6493 9830
7459 176
3107 2233
6279 3427
9322 9782
4576 3961
9697 2577
8505 9119
6634 7490
3507 1518
1602 4835
2205 8977
9457 1296
7439 9874
494 5664
6711 6987
5494 4171
7163 4954
6404 3442
4733 2078
3225 5662
6039 9274
8239 896
8394 1225
8387 1901
9095 6341
3088 1301
1670 8898
2597 9109
8772 3091
4773 5483
6431 6620
6006 3594
7926 8763
3389 2659
841 2966
8321 3233
2240 2912
4129 6986
4137 8868
5239 3233
5209 4680
4534 6879
3578 3483
2340 2350
2926 3466
4185 9357
6438 6544
9304 4364
5307 2693
3375 2500
2011 1697
5733 603
4609 6215
7590 8747
5083 2829
1980 6645
3861 2866
9876 7439
6349 2217
6141 9275
2035 327
4985 8473
6871 4289
9189 8530
6982 2564
1030 5345
4261 6764
5948 5223
9331 9890
322 4414
2720 2302
1059 2933
1520 7288
373 7869
5857 6514
3496 7892
3193 8481
2717 6416
2770 1906
4946 6104
822 5977
1449 1436
9093 3750
6659 8424
3640 6981
9190 2712
5635 6602
5646 7155
3890 6019
1376 9747
8885 1224
3991 2079
6058 6708
8495 5180
4966 3442
1285 5788
5771 9086
3576 1216
2836 235
5992 2829
3568 5182
5541 5555
8136 1187
9062 2026
3558 6790
8125 2444
8015 2116
875 425
5176 9370
5605 142
9164 3242
2283 1287
8681 5859
2503 7869
2447 4847
698 2367
30 6240
7923 4518
3779 3337
6545 7338
128 1022
6134 8143
9491 7009
4920 4667
2731 525
1162 1896
3768 3445
9535 8801
5656 8391
6670 8103
3238 7369
6823 9620
9961 4746
4139 3740
8083 7036
7430 4563
8058 3564
9058 7549
573 3978
8569 9657
4504 9731
7905 4624
9528 7440
3425 5184
5831 95
9640 5422
3816 6463
5042 3777
7561 9181
3870 1996
6217 1300
6560 628
1217 5618
4529 8142
9597 3098
7799 4101
9181 5704
5077 8709
3145 8502
3894 5328
4949 3534
750 5118
6349 5793
8895 3910
1326 9117
5906 3896
6770 2466
4524 7987
8085 9053
6129 4034
8504 281
8135 4037
5985 9564
2747 5482
4418 2993
7163 9367
2879 7913
837 9228
58 9733
9490 7737
5202 5396
1633 1972
4215 6157
9959 8652
1562 2441
2686 6418
2722 7173
456 8707
6737 9555
542 1155
2548 7705
6874 1779
1970 7712
7359 8381
3797 6849
6118 8999
2245 7751
972 2812
3908 7283
1464 1822
9724 4150
8241 2446
1323 5049
7506 8060
956 4400
5567 9856
2105 2442
1635 427
154 8994
8808 3951
5843 4926
9302 4440
2677 6626
7253 2937
3910 8717
1112 3634
9220 5705
2433 543
754 6291
4956 1710
691 523
1566 9148
2965 9553
9575 9471
8547 4736
9774 742
9662 9077
1534 8692
5703 5139
7981 5965
3857 9093
5952 9429
4798 8385
9972 5552
1028 1280
3614 8071
1804 1532
7219 1121
1085 3146
6945 5984
7882 6719
3078 3897
2148 4613
8941 4204
9752 6922
6521 9961
6016 2473
9390 814
7210 5715
2719 8238
6995 2685
6309 5151
4218 9880
2625 1655
9379 5922
7640 3613
8993 718
7510 1142
5331 2803
1698 1436
9726 8219
1397 2094
7045 7140
9260 4255
2855 1979
8846 6202
1017 1507
7706 5235
1388 6683
3242 7119
2605 882
732 1598
7953 4595
9092 9636
7398 7142
1072 3476
1714 8822
5570 8759
5962 4831
3014 5169
3162 1860
7723 4179
3368 5429
5766 1108
8464 9009
8227 1069
9891 5311
9020 7844
9906 4464
3833 3657
1607 4905
3485 9673
3727 9056
8432 9689
239 1446
4858 3401
9659 2582
7581 9379
4363 3347
487 2828
8708 5066
249 8600
377 5621
2796 6636
86 2981
6645 8045
7887 130
7718 1614
9186 2502
7656 9425
3948 8866
9179 9959
7800 6760
9338 2164
6459 9825
1344 1520
4891 7945
6472 1621
9919 5620
4609 6357
8602 1254
754 6489
1384 8472
4455 6923
974 2111
6348 1274
7330 1879
1234 5130
8639 572
3646 1451
6750 1342
9323 7993
5640 5795
5966 5559
1415 575
1916 17
1829 2670
6506 3214
7494 962
137 4820
9425 2837
2446 3107
4717 3680
8238 9708
605 8236
7511 3707
9579 6834
1700 5219
2629 7667
7130 4045
8242 5398
4062 6424
8068 6921
9638 1914
4235 6127
6734 12
8964 9180
3120 33
9213 7710
9742 6170
5946 3605
9877 5525
440 7929
7096 9421
5596 578
3466 191
5976 3881
6615 396
7154 2605
2310 1389
8732 5396
1401 4048
929 873
4082 142
8583 176
2664 4530
3781 2541
6407 573
6822 9856
9995 8771
434 3461
8962 6411
3694 1929
6807 848
886 9118
2237 9618
866 9991
18 1795
7216 4100
8289 5800
628 953
330 4410
9846 3089
4983 6669
2945 4978
5440 3380
4792 754
6143 4838
9035 2950
5687 9921
8420 4276
5891 9287
619 5909
7434 7836
10 5724
3636 6990
3029 318
1400 2876
3407 2736
5897 2705
4066 7689
6085 5210
4795 2228
49 3830
1530 5736
103 9951
6364 5994
5590 6984
1903 3024
4820 8265
8748 4808
5256 1778
5126 3008
1006 4885
5744 6903
7590 6163
944 27
1373 5739
8607 1422
5921 138
3510 6024
89 9875
2018 2031
3211 273
5055 8031
4891 3804
9191 147
1934 669
3155 9292
5554 5252
2547 9497
7767 3491
9524 9140
9230 8132
6915 1503
4622 425
7527 1063
6652 5897
3094 9863
2522 8149
7894 7413
8305 3437
7560 6591
4106 7068
5883 6013
8672 8430
1862 6439
1921 1386
1931 7503
5870 8846
9006 6844
5624 2885
7907 2276
5134 1001
2140 7657
5503 6386
5070 3808
9824 2631
400 282
6051 2635
6295 1075
1066 8157
7514 9339
5896 9445
3195 8118
4644 8553
4963 268
1439 2870
2544 2925
224 4684
582 5727
1071 5653
5887 7247
4636 2639
7529 7039
5275 3825
8114 2693
8334 5628
2032 4230
1425 1579
8701 6069
133 3664
2689 7924
2886 5234
849 9462
6270 1432
1541 7341
3437 7429
4588 8073
6420 2118
5112 1695
2295 3226
740 629
5206 9125
1212 6631
704 9913
9053 837
9929 1742
5113 2815
3328 5963
8630 9599
7395 171
3292 832
7600 4233
5257 4021
2703 6721
2068 4998
9947 9161
1979 1505
8286 9543
4488 8990
9456 3541
6180 5737
1636 1293
8553 1316
7256 7183
915 1003
3706 560
8187 1307
4793 9796
1680 7496
6517 100
8846 2816
9261 7177
4321 3899
6721 8810
2890 2529
8703 5422
8267 339
6715 3172
1656 324
6707 8923
7679 413
9483 2219
1720 628
2015 9752
8124 8533
6205 3322
1349 5466
500 2023
9366 7221
833 8608
6102 9536
382 4369
6228 3449
7541 7884
3773 4248
3159 7805
4662 8995
24 2734
9623 8391
8839 4100
3276 5044
7422 4626
6862 4274
6649 2580
7847 3834
7540 3950
3370 7922
8319 9598
1372 5861
3834 1497
6461 3346
5654 7475
2341 5678
210 8316
422 5401
2416 3698
6797 6191
4676 3659
465 7677
2592 8313
1511 6484
2263 4882
4407 6934
832 2131
9147 1019
3628 5609
4365 9283
3084 3058
1313 9646
1374 8087
5047 143
1786 1844
2686 6462
1856 9503
4140 4448
4168 2003
932 2783
3237 1691
9718 4070
3822 8865
1441 3803
826 5806
9438 3911
5216 7103
9909 2942
5191 4957
3085 6977
3153 2123
9791 5009
7979 283
5809 2147
2287 6742
1283 5524
4785 1001
5946 8608
6218 7387
8763 7045
3193 8201
7308 8409
5304 7217
1352 6847
8526 789
3824 1680
9265 9968
6689 7244
251 2499
5743 2538
5593 7026
4415 378
4379 361
5338 598
7749 4101
3995 7294
8654 7655
5704 311
1224 3408
7158 9751
549 7335
7783 9814
7303 4472
3410 3906
3323 9154
2797 8916
6180 7212
5647 560
7573 985
7510 5322
1439 7857
2617 93
1864 4673
6756 3088
4433 3915
9191 4982
7602 6974
1149 1257
7799 911
5163 1122
65 7960
6391 2598
5172 2038
9510 9098
3023 3372
4420 814
1229 3389
7260 3093
8062 4016
2533 8847
4283 1725
3830 1885
5051 1331
9494 2850
2242 4658
3973 8660
8970 364
1258 495
2402 768
9593 1777
4140 4013
8944 1721
3755 6204
1166 1817
220 51
665 856
8128 847
2741 3180
8530 8588
6030 772
3246 6355
5784 8568
3071 7042
9063 1825
4162 8656
3603 4654
9022 8899
2727 2777
5103 3893
946 1675
3945 7963
2531 2073
8810 1625
1605 3692
213 7636
817 9811
343 6601
8379 3415
9996 3795
5240 4158
2451 5195
5165 7825
4094 7892
602 5549
8138 7901
7225 8435
5864 6108
6860 1027
7733 8466
4719 4298
2454 5536
4109 2797
2138 8841
2564 2134
2636 7805
2644 1439
9352 7809
9265 3447
2054 6219
5348 192
4120 2573
4979 9985
5034 1839
7364 9119
305 2083
3418 9111
3972 3879
8261 6110
2720 825
4596 1708
4982 3592
3148 687
7754 8765
486 9808
4984 5834
6352 5457
4760 1331
1794 9794
3170 9158
8913 9828
1241 8683
5291 1565
2563 3552
4027 1635
730 8623
3344 2064
8568 6492
2751 6322
5257 9589
2482 6593
5424 8834
2050 184
165 3844
6330 9687
9354 5243
5867 6948
3927 1159
8513 2842
4711 2541
4477 1793
7516 7821
3858 6084
665 2961
8758 2274
2551 1240
8868 4327
74 7270
4511 6591
1115 7193
2631 6821
8788 8498
3769 2715
9657 2283
1909 4369
4824 6387
2514 2340
560 2724
8425 1226
5686 7183
3500 4589
4776 8720
8916 4850
5991 9779
7794 3458
6972 425
279 5760
8923 4049
4828 8581
6332 6737
9302 7508
9476 8168
9848 37
893 4625
7615 2931
8161 1115
7520 2937
9836 6436
4139 2179
2567 8285
5637 9539
8710 2268
1651 3986
6317 6479
8919 9001
9569 8221
6509 9045
2741 2710
9082 3634
7335 6697
6565 1848
4165 4085
1137 353
6873 5277
8884 5792
9914 4521
5331 8625
6789 6983
8963 9459
9814 7882
4812 9383
2455 1322
4781 5196
384 215
8831 4071
3265 1748
5920 7430
2186 7057
4135 5411
8686 3019
1204 8601
3892 2887
3578 7033
9870 8893
2844 6037
6775 7657
1772 9230
5331 6553
778 5715
6769 5961
9786 34
7710 2058
3816 9896
5468 7951
1659 506
970 2863
5459 1214
5751 5389
8247 1973
4282 1092
8010 7409
8749 9783
2991 432
2688 3770
6147 9457
9731 2285
9491 3793
696 3307
41 2516
7610 1701
3022 4932
4564 4834
6146 315
6575 746
8641 858
1838 6651
8267 6939
2786 7611
7371 5475
1381 9870
1284 7464
8507 776
1258 9203
435 1299
1719 8046
9352 1094
2978 3917
2280 5477
584 8855
6223 9225
6065 4413
2229 4333
1352 1367
1944 5075
3194 9677
4945 4479
7141 9804
1607 4751
9008 8394
2403 7079
6440 1755
4525 5771
2024 3157
1248 8961
2013 3823
8186 8078
8236 6767
8763 9588
8135 7059
1015 1329
6736 2312
2160 230
2116 3767
1333 7476
2162 3736
908 4954
1844 1785
7077 220
4943 4677
9181 6956
8500 7368
1386 6736
4135 150
2676 8622
7209 43
6304 298
2355 8464
528 4472
8584 8213
8300 746
1950 9208
2052 146
994 9130
366 5937
159 9548
9245 8660
3268 631
1748 3755
781 777
2378 4343
7172 8682
4641 9528
3498 1521
352 2082
9734 5004
2828 8036
4213 1233
4534 1559
6715 4901
3848 6874
801 3093
1886 4069
3724 9987
4176 858
7116 6554
1553 4288
1588 6194
168 5087
4067 6872
7169 153
1877 6350
4542 6090
7583 9076
4001 650
329 7849
3876 7482
942 2115
7903 1018
2102 2080
8228 5570
4986 9781
6210 6575
2327 6379
1662 2746
3251 5183
2900 5128
1533 3794
7570 5468
9222 1571
6118 5904
5772 6347
3386 6714
8462 7642
4085 6916
9722 8665
2486 4708
8447 8696
1283 774
1427 9297
9873 1031
4481 2773
2511 6014
2919 6434
7835 2141
8005 305
8045 130
6652 7784
3196 5114
5426 7281
8382 5148
5947 868
6208 746
5917 3844
7872 3696
3141 7745
4727 3974
6870 3591
6341 9789
25 4176
1931 4382
4481 6328
4512 7486
4112 7709
8952 9538
1342 7335
1038 7289
4555 7247
4387 6824
1091 2260
521 584
5 1600
4559 6876
5191 900
3017 5216
1428 4948
5951 2261
1277 463
9747 5389
8172 5052
1280 9515
2387 2318
3156 3294
5917 7544
119 7008
6156 6992
3945 2513
8592 8504
5741 136
5756 8759
1704 7184
59 7655
5797 1336
4471 5545
3078 2643
6949 4358
8510 9336
3028 8019
2630 8946
1915 9101
2306 8071
6093 6251
6936 1038
4755 2678
7526 6863
7789 5582
399 7848
9590 6197
5537 4061
8094 8615
6704 5043
9325 1567
731 8705
9586 9713
7651 1501
8815 6310
5924 1260
2561 2860
2298 3669
1890 6176
532 9679
1759 932
7528 1349
7129 3065
5410 5223
8032 8466
6618 3709
6385 7349
2414 2323
7062 6418
176 2229
2728 6100
3490 5289
5313 2140
8958 3555
4669 5843
3235 6428
6775 7115
4129 256
6532 5891
1831 4564
709 8449
4625 7095
2150 7039
9418 9212
3457 9595
7794 2537
2047 1284
7827 3712
9776 3137
7268 4445
8980 6855
7225 5755
3970 1354
2363 6854
3597 4194
1418 4307
2643 6043
1402 4793
9434 7172
358 9244
3119 4504
1781 1519
5788 5960
1583 1916
9098 8851
6362 4430
2058 9939
6538 2380
1294 8901
9234 4891
3096 652
5550 2091
3047 3304
3237 8834
477 9947
8078 9948
4451 9859
7819 6591
5820 9403
8507 1270
4606 1221
2052 6665
1161 8590
9045 8807
7492 8280
50 6940
5284 5601
5383 4684
5257 8620
3518 5734
8567 7948
2035 9370
7807 9854
5961 9979
9257 821
7601 216
2042 9654
6881 9555
4596 2278
4714 2088
6910 4765
5380 2195
6718 764
3231 1975
9384 3101
4062 4304
1049 6097
3674 5208
2303 9636
5188 7913
457 9141
8129 8851
8795 1362
4759 3392
3640 9473
1832 551
590 3565
9098 7308
4329 8681
5636 65
1782 6050
721 2831
8499 4396
8039 802
384 9579
8715 7193
8721 3196
2396 3868
4558 7155
3612 4551
6629 1797
5102 7219
5362 552
880 6043
9233 2868
6108 1015
8918 6830
3846 7417
7578 8237
8219 7962
7817 3287
1507 2890
2835 3903
3110 7394
1059 6723
1945 4040
4872 3399
7611 6586
3951 8491
2629 9536
1359 5089
551 277
8271 749
4046 5849
5338 2266
163 3155
1905 8022
2397 4740
1926 5508
8486 9337
8583 6783
3377 9807
6534 988
6393 6837
5832 5374
6373 3543
463 3276
173 8735
4025 4219
936 9364
2837 7452
8871 4742
5474 7621
5835 7400
9481 673
6737 4416
3809 6466
4223 343
3807 6968
3533 9639
2342 9906
9534 9157
3183 9707
7892 3560
3927 5181
9276 6764
2633 4500
7859 8107
2121 46
1860 7954
7071 4949
2370 880
7768 2945
7576 1575
9913 1109
7566 8607
1015 7100
7764 550
6808 2009
4111 7087
7190 9739
203 6175
4239 8062
634 6360
4460 2494
666 1532
3796 3036
2412 1564
5981 9988
3139 2246
1097 705
853 8465
4157 8618
9015 965
6979 9478
4404 4169
5570 4608
6696 9809
9022 7330
2522 3483
9825 3188
1367 9973
6225 3779
1537 8558
120 1028
7157 7569
8085 8010
6034 2242
2980 1402
9560 9959
7232 3964
480 2802
8572 7176
8964 7595
859 1486
7430 7036
4674 8797
7009 7251
8928 8546
2162 9048
5926 9319
2970 4011
3681 5356
6253 6662
6758 2165
2973 343
6130 9806
9497 4702
3334 8461
8649 4193
9947 6079
1229 974
1228 4590
4577 157
9488 6739
5557 5414
2410 8527
9425 6092
3884 2031
2754 6994
548 2079
3689 6678
8237 3187
7733 1572
1648 2734
2117 7948
5166 9699
5274 6394
4289 6203
2903 3778
2943 8461
5544 5353
6988 1322
7797 7224
9705 551
4219 253
8983 7908
6932 7220
7447 1017
5144 5448
3751 7262
3396 8917
6961 5022
5312 1250
1225 8215
1380 520
3028 6925
2226 17
4599 23
3593 4304
6927 7812
4557 5910
2073 7841
9482 9520
8858 4627
4968 2610
1889 4716
1527 5202
6090 3191
2804 3668
7759 4185
4188 787
7462 6414
7156 2061
2790 750
6365 9717
4914 7274
1979 6987
5116 1461
2860 3974
2440 4180
6584 681
5249 4464
5883 7691
4007 8688
1359 1766
9225 1900
2554 6687
4666 6062
5100 7456
6812 7817
3525 1727
5091 5504
5066 6559
3318 7926
534 5758
8459 3470
6440 60
4286 2323
7751 8294
7363 9111
6412 6588
1011 5318
9627 2029
1381 4727
9486 8193
8896 3011
6272 340
8516 1339
6899 8186
5617 3785
3944 428
3608 6736
488 4246
5412 8240
8892 2775
3703 5305
5716 1066
623 5343
3095 2004
6423 8933
6550 5319
1945 2822
2011 6813
513 8911
4999 2483
9048 5295
2911 2656
2032 3400
3255 7444
7992 2147
6571 8047
7452 2287
9113 4428
3983 8560
6432 406
7494 9334
2077 5791
8509 4089
2604 5374
9352 3955
7857 4752
9250 769
7409 1282
521 7016
5078 4865
9163 1650
9264 6616
289 4729
1044 4272
3289 3828
4678 7135
9515 3108
2926 8024
3549 1882
3398 9253
5837 7608
4005 5088
4729 7766
2722 5250
4782 4153
6467 3946
2155 5731
6914 2444
460 4310
6717 101
4490 7747
7237 4005
7207 6515
8381 756
8398 1780
9 4235
9388 4015
5675 4117
1781 4750
5719 2916
8903 8538
6862 1058
621 3776
3502 7433
4438 6571
7534 8928
671 1123
2934 7878
7639 1315
8635 6037
9447 4996
6624 5187
5363 2300
5656 7145
7050 7727
61 2305
6265 3275
3363 3238
3403 3217
671 7841
6141 4558
6769 6812
2033 6055
4690 6024
3723 9677
2061 3170
4674 5038
8358 37
7338 366
3534 740
8094 9947
3045 711
9574 2760
3950 2977
5977 973
7170 8470
1883 292
5282 3917
6347 6325
9941 70
6002 8355
9593 7028
3393 7951
7066 7083
8317 6952
7823 2763
6900 868
3475 2826
3628 3777
5804 5957
4750 9326
780 2986
9618 6062
6903 2318
2387 3196
2388 4742
1551 8333
1770 1296
2636 5188
8379 7306
8493 6202
69 1745
3422 9896
4571 3402
3673 6727
5712 4776
6054 6492
7762 5672
2554 1017
7990 1294
4213 6731
2388 2117
5064 510
3413 7701
2051 8145
5007 544
4347 1428
8641 4122
1325 3212
7524 4998
9940 9588
9774 5994
6080 3888
1666 4987
4905 6009
2633 9119
2740 5021
1236 4156
1883 1001
8209 3934
9146 3216
830 9846
997 9471
320 2322
2684 4196
7320 8976
3785 3447
4970 9865
7335 2988
4852 2241
5349 3837
7712 4441
8858 5300
8598 7094
6301 3159
1028 1800
6376 8211
7998 3725
7682 8318
6047 6718
2514 9719
2046 6299
3166 3368
6165 6854
2709 7369
9095 8058
1207 6807
2500 6417
2107 7450
3511 4760
609 892
6560 3337
9103 4558
7062 3137
9228 9461
6208 1743
9181 8254
8042 2347
1623 559
9201 4332
7929 4648
8742 5488
7807 7594
8257 6266
5044 1769
1027 2006
9013 3939
1695 4468
4850 5110
7605 4078
4571 165
2173 3752
8420 216
6100 6395
7127 1653
7079 5056
6302 5821
6896 4109
3416 5154
376 4812
3275 7755
3170 2288
8046 1218
6756 2896
6328 713
3327 899
879 5500
1004 5651
2068 3456
2046 9196
5109 5477
604 7763
1298 7501
8225 1066
9007 8601
2231 8634
2708 1753
922 754
2971 4030
3 9299
1095 3330
6551 8326
5182 7555
3977 7251
1011 2375
6447 2472
7852 7051
236 5503
904 8461
2921 6263
3414 1504
4897 2474
3258 2171
3228 2581
2553 3231
8233 3649
2913 1136
1975 4448
8691 2305
1699 6054
1032 4498
8526 5237
7901 5114
740 8806
9927 13
5069 3341
1518 6319
5815 1128
8490 5396
3709 1044
4979 8294
1045 4245
9430 9372
8693 8121
8029 392
527 9062
1242 5406
4299 9143
6872 1391
7949 6800
1404 9371
6493 9274
2042 8661
402 532
4057 464
7928 5388
8758 8973
9633 8189
8346 8326
2662 6375
5070 3190
1789 6312
4948 6088
5456 1820
7479 9757
8620 5236
5480 1466
4510 7522
127 1265
8055 4184
1729 5983
9572 6839
1309 5558
5028 6007
3884 4043
8734 8955
3585 524
5267 8533
2964 7075
353 6796
6833 5326
2032 2313
6792 2894
9836 3271
4159 4243
7455 5888
6578 3379
2728 4239
8937 4108
246 9174
8151 5333
8129 1736
2209 9748
6621 5173
6824 3327
1969 9
8653 353
2322 1797
3248 8510
5068 7407
9105 8875
9648 5684
8606 8728
6275 3896
2836 2874
3070 7340
8207 1199
9076 416
7299 5698
1941 4123
9025 263
4132 4030
616 2807
2179 216
7669 3599
3976 6775
2474 9976
8811 1080
8704 5086
4976 7892
7960 4398
5232 6167
5597 661
2935 2897
2711 4877
3372 8088
5140 3857
2118 2108
6664 649
8677 4333
4248 2653
7460 6722
2629 6271
4154 7685
1358 5483
5577 5670
9881 7162
8190 1831
7823 1125
1080 6886
2354 4452
4974 3846
8309 7092
2307 1325
7741 984
2011 8341
3637 9471
5063 2618
5743 5569
303 3453
1052 2232
5475 7286
9394 3665
9117 3569
1143 197
455 9849
1001 1781
3696 5663
5225 6003
6988 2966
6987 8999
7659 6976
4823 2722
5946 566
4644 2601
371 2048
4833 5846
9334 580
5864 4803
501 3359
1352 7309
3208 8706
9090 6904
4369 4316
9259 7709
3634 2598
3061 1294
5926 7884
368 1872
4802 5012
4473 5173
7061 9307
7371 2747
6239 9587
3903 6740
2946 5255
401 6155
3961 9492
9411 4682
160 5023
2392 3794
7621 5453
1440 3548
9689 1809
5420 4491
3173 9894
6016 6586
5553 9739
9334 8144
9327 3237
4884 2273
4844 1638
4780 5158
1130 4192
9840 1290
9215 8584
1436 3188
389 2877
6736 78
1038 8509
921 4211
4755 3289
7150 6660
3029 6484
4804 8708
6073 6040
7333 7269
7678 2114
2427 8808
2658 2268
6450 1873
7204 4239
1413 7594
7116 8150
7672 4506
3011 4946
5069 7766
8235 2219
4426 7616
8703 9230
6324 1128
1622 3658
8398 9301
5772 7177
4461 8430
5797 912
6655 3002
5151 8068
596 8619
2570 4620
3125 5581
9566 8194
9699 7802
414 4125
5418 5469
9707 8095
2950 1330
1753 7700
6983 3877
4877 1444
2307 675
2356 5314
3677 3859
9734 625
8830 2305
5245 8307
4238 4812
6502 3938
8966 3268
4415 736
5089 475
8831 4391
8157 584
2091 5140
4461 6969
2936 3120
3996 1645
4786 4025
5504 4521
4650 4335
3178 6247
2642 3768
7411 5496
4058 6377
5116 8474
7114 6558
5301 5945
949 9810
2882 9393
4950 7343
2714 7886
6816 6710
9531 1602
7087 1388
2475 8089
2075 2005
4336 1069
5774 1748
2918 9832
4477 4386
4658 1591
944 6311
3889 8246
6121 3123
7639 7423
6818 353
5310 3634
3415 1193
1589 502
8933 416
8591 1008
2422 9279
8430 8196
1027 1348
4380 1857
5734 5391
9800 6679
1702 3689
1277 4176
3164 8916
1599 9983
5621 3261
3617 9036
4455 1558
5890 9740
1975 4481
749 4397
112 9179
8945 7492
6879 9677
9349 2613
5068 9149
5644 3123
9191 6921
7299 2355
2189 8898
2338 7810
2160 2308
3198 2967
3866 9088
2707 2193
9921 9808
6590 34
5339 1887
7526 8570
1565 3227
1184 2985
2376 3180
6108 7919
6454 9759
275 8643
8658 8965
2806 7170
7625 6004
6489 7844
5093 5548
37 5014
1709 2980
1400 7048
4867 8926
5619 2784
8505 3155
5770 882
6335 8230
5153 9141
7990 1780
7785 3000
746 591
170 4723
6595 3011
2567 8040
8559 8957
9407 6620
1937 807
21 3156
6086 5640
2293 4591
5147 4415
1825 7834
2645 6979
6976 635
8759 1113
9987 5857
1704 6509
6933 4651
9520 9500
9044 4432
4809 8451
1052 3098
5610 1073
6255 8048
3065 4900
2640 4564
9315 817
2399 1960
4148 5727
8948 9260
6840 8935
1469 4896
5445 8402
5899 1317
4255 1295
2101 9064
9746 3154
2163 1709
579 4770
9757 9997
9670 8749
4561 8985
5919 3312
7297 67
9039 6245
9327 2231
1533 797
3479 3330
5551 5731
4647 9806
7026 6749
5223 6773
6255 3738
4834 6834
8508 4591
3183 4530
9693 7745
9867 5612
1057 7164
5679 6449
3410 1359
5032 4943
8508 8512
4625 4059
595 9272
218 7621
2373 5441
746 4980
5531 5580
8167 391
6524 1350
4921 6217
9095 4788
1829 6505
1952 3860
9306 1714
5219 4338
3009 3727
9202 7634
4139 9797
3259 4357
7419 5632
6150 8165
613 1681
98 8780
2072 6622
130 6993
9191 5578
8133 7372
8435 85
1232 7741
8152 2804
8431 1161
2883 7634
8796 7022
3783 2055
7731 7554
4039 3881
2072 1004
5562 8522
9784 3986
5144 6267
979 4335
8197 5464
1707 6632
1902 9291
4373 54
8447 2804
1215 1331
6790 6363
4705 6926
4770 2437
832 8810
6318 9256
6166 8233
7778 5951
2219 9274
8570 9551
3609 3119
1367 1668
9751 3269
7312 476
3323 5759
9632 891
3442 2775
7254 8148
9701 8377
585 6885
3539 3255
6142 9705
7840 272
2008 6412
9547 578
2315 9508
3697 3682
7529 9800
6952 4841
276 275
600 6261
7518 4043
9036 4773
8543 8737
3150 5480
1974 3041
5087 4468
2746 2928
4741 4755
5692 4288
1685 8007
3796 1735
1689 1325
1535 4993
2518 8164
5269 3119
4425 2787
3514 3461
3912 8409
8550 3414
3889 524
6455 8976
4993 9202
8256 6086
309 3948
374 1994
1955 522
3729 9997
1848 5265
4990 718
9781 6611
3837 4206
5751 3703
4019 6015
8464 2569
9430 2353
9445 2237
7682 790
7791 2290
6876 8100
6239 3602
95 4546
4125 3824
895 2325
5441 5886
3043 5222
8849 3233
5780 4600
3288 9799
616 8105
8720 6398
458 4518
8635 4492
5308 6427
6783 8537
4527 9374
8491 4622
272 8968
4799 1168
1293 240
3406 689
5463 2255
274 1243
3208 9914
7395 3824
8019 6115
6574 4830
633 5209
9322 2294
7988 2457
7183 8868
8183 5674
9842 8456
4643 4641
5976 2288
4882 9382
9329 6697
7989 5955
4292 1197
5870 8039
5021 3889
4155 7947
8719 1140
3157 4394
9786 7497
3203 6969
6365 1387
8996 6208
6195 9991
849 2171
8631 2083
7905 7961
5132 5894
3916 9425
7092 6138
3816 8465
28 7971
6413 5099
5464 5922
9493 5250
3419 9049
2220 9785
436 7568
2345 2983
7559 3194
5154 6190
1630 3059
503 6762
5305 772
2539 2397
6910 6356
863 3290
679 3628
8390 6143
9550 4235
7746 2969
3284 6318
9106 72
3886 1451
3055 1445
998 4561
7635 2628
3972 4491
5742 9278
5263 4634
1675 2173
7342 8890
1816 8021
2518 206
517 8420
793 8263
1390 4078
4581 6848
4150 4819
8300 3558
6264 9298
8119 251
8278 2092
4742 372
1370 5
5006 9397
8531 2348
8288 6699
6722 7158
6905 7239
1931 4050
1854 3321
8128 2787
6521 8631
7606 4821
2189 3870
471 308
473 5101
8752 5216
5474 122
1573 6832
9520 6456
9181 4160
3155 5903
7670 6412
9494 9601
463 1348
9274 4943
487 2148
3574 8093
6969 2115
8315 3793
8776 5140
5246 7528
356 7072
7651 8282
3905 3523
4738 9438
4035 4246
5341 8057
658 1187
7659 1121
8887 3285
6065 9374
5433 5991
3819 8755
8107 8486
8900 3235
3626 498
763 335
7571 4766
4969 1476
8289 9707
7266 8676
305 8959
6734 964
146 745
8437 9033
4030 854
4759 5816
6846 4930
923 1305
3416 9823
4540 3394
321 1655
81 7892
6422 5050
5720 4711
1110 9338
3388 1415
8297 6474
2379 8443
7219 817
3828 1249
8023 8587
3417 1221
9869 4340
2526 3285
4163 3418
3032 837
1426 3113
5081 7848
8164 7154
8911 9274
6492 8651
7041 4790
5125 9421
9585 2344
6590 3414
9946 4613
8353 3363
2187 8223
7704 1065
7860 8219
4484 892
5408 2262
358 6842
110 4874
3996 9021
500 6840
4025 7541
1630 9150
6962 7568
1495 9904
982 7793
870 5687
1156 3057
262 5212
4122 8123
9784 4958
5367 1544
7220 2077
8386 7330
6951 8734
2704 7451
5575 6729
4993 3557
2231 1955
1125 78
8212 8459
7871 9082
4147 5380
2139 761
6944 6261
8884 6728
1220 604
4625 8440
2681 3011
2123 9633
1746 1179
7084 7321
7908 8429
7230 139
385 8356
6570 8597
6815 4441
4031 7314
9821 6170
8076 6766
8783 3312
9846 3
268 4471
4796 2950
3835 3271
8935 5581
4450 2371
9254 8710
801 6484
5201 7538
1192 1771
2487 8008
2565 6518
1674 2386
9040 6102
5504 7823
9415 5351
4179 9683
6174 8975
8985 9
8598 4272
1942 9400
6644 7548
4462 3797
385 9663
1335 1577
7787 174
5937 352
6692 7612
9090 5732
3714 4595
3555 9481
6298 4086
5517 8824
9413 4502
8834 8011
5127 7128
3763 1771
4677 8225
1920 5062
4241 3255
2991 2028
9781 8929
8732 6473
2893 4174
8557 2959
5121 8464
2441 1419
2551 7958
6596 1964
8812 1782
6328 3939
8910 91
2062 3587
8317 3982
5001 2558
3589 7993
938 3370
3274 9670
6195 6167
3844 1104
5478 8966
9569 7919
6737 8472
2229 9685
436 1042
1467 3116
1333 378
3208 9748
317 1525
3730 1671
435 3672
6016 1373
7042 9290
7395 9590
1809 7591
694 7287
2909 263
1559 5999
5087 3788
5684 5524
1182 7152
4992 8868
3882 8200
8616 4199
6077 2346
2222 6512
2370 8238
4237 5765
3880 1632
5355 5689
9224 6049
9329 2133
2665 888
4484 7752
1028 169
9628 2211
7321 4621
1079 1203
9173 6047
1754 5251
8393 3977
8115 764
8567 2353
6529 2448
3985 8236
4489 9561
637 3818
8047 3302
1058 2531
7407 2087
2700 3387
650 6373
4360 8081
3928 3534
4128 5683
8785 8873
6012 6900
5989 4579
5605 8870
7027 5943
7106 7869
5504 7744
1687 9903
7398 9098
2435 4805
7537 1487
4545 8187
4213 8905
2620 8141
2439 6748
176 7576
1973 6188
829 7963
768 6434
6833 4147
2377 292
2016 4234
8036 56
4137 1786
9154 2924
2944 6691
764 7489
1230 4977
6394 3850
9470 5186
6950 9647
9114 8923
5835 9943
3238 2955
2730 72
3455 1459
364 5471
2045 4752
1879 2535
2890 1033
5459 5834
4076 2575
3323 1658
7552 6070
1860 7023
1256 8810
3022 370
4086 8857
6666 7324
8165 5748
3748 1620
7207 464
7091 5605
5216 8971
8140 4459
6356 3599
293 6785
2527 9969
8443 79
6039 304
3454 7295
5466 2828
4017 5904
1686 7035
3229 6203
2783 6977
7823 6343
7442 1266
1948 9010
6589 88
3469 2946
39 115
6083 2566
84 4526
8998 6123
1182 2452
9770 6649
1633 139
2553 9671
7175 2134
5874 9958
5464 3697
6301 2906
1315 8249
8268 7905
4689 8090
7203 4729
8205 3286
7295 4641
7812 6293
7116 5347
5098 6886
8348 6731
3377 7253
6402 552
9388 2276
6863 4852
2325 3164
4110 3640
7766 8730
1545 2455
3172 8748
7184 7729
8386 832
2370 2551
7125 9486
7898 2223
2724 6246
5306 6102
3499 1708
3006 9239
336 9869
443 2661
9386 905
2654 7152
5988 4199
5959 9160
9300 9496
6890 7686
328 5612
237 3805
5099 4487
2381 4175
733 4039
6629 585
5748 9636
6176 2436
5857 2972
1450 5243
3877 4104
2395 9865
4655 4707
5378 307
555 2268
4346 7235
7880 4583
1040 9331
9071 9773
9859 6156
3813 2840
3093 5913
2476 9270
8349 8334
2242 6151
9929 2471
6607 8677
8689 1263
3384 4067
7922 3939
2687 2268
7526 6919
6852 8566
2603 2275
4692 2462
4783 8505
5302 7877
4418 4131
3499 9119
8817 2093
1623 8746
916 8230
7423 9605
5845 7159
24 3768
7450 9063
6036 4976
5983 9240
9895 8586
1515 4587
7400 2651
9444 9054
6880 214
9537 379
5685 4706
8824 7308
3453 9740
5539 7228
5698 1384
740 2074
5152 4542
1138 1189
9519 3473
429 5766
8411 8297
6705 2163
948 6149
1217 4180
2715 7107
911 8400
1813 9735
5709 1618
5827 1248
5199 7877
8984 5939
6304 4137
481 3794
1678 6352
7267 8459
8470 5678
6756 5175
4193 4056
7676 5410
8236 391
8869 9147
8792 683
5234 4501
8653 7414
2101 3852
5291 1085
6143 1595
1574 2977
5389 3252
9329 9008
1712 7800
1038 4820
9327 5231
5229 7004
6994 3465
7395 5863
8965 6187
6546 551
7040 5200
7965 9141
5404 3257
6579 1548
1204 8153
4525 2946
7758 3854
1954 9470
8006 2993
642 7334
8224 5871
690 5218
5689 8085
7434 4654
625 3980
5205 7665
5532 9523
3159 937
2780 9738
2485 336
4243 3362
3282 2001
3568 5237
7823 1575
4582 8466
5261 9158
4337 5951
729 6378
388 8163
1032 1013
8495 2590
8679 4028
2113 1838
1317 1245
7928 154
1581 2171
3516 4864
4173 3436
6453 8348
5011 7387
6814 6624
6545 7504
8927 7274
3882 9316
1789 1267
329 285
209 5360
665 2322
3550 8334
9919 1478
4840 1500
2 8356
2716 527
1792 5521
8875 3156
2908 5690
6132 5806
9546 5060
9432 3428
728 1222
1047 7409
7859 1256
2770 4876
3578 2672
3210 9849
4151 8050
1350 505
2758 418
1032 902
2292 9907
410 5200
1949 6543
7358 1495
7955 6791
1276 5035
4365 2323
2444 2224
3580 1566
7100 3510
4239 310
3360 8390
4712 1062
8895 7470
1480 6279
4724 124
6186 5135
1677 4488
8030 9035
5983 5985
5826 3611
7372 191
5935 9816
8767 5867
1383 5867
9377 5622
2529 2737
364 3593
151 5611
1063 1632
1890 2140
8108 4428
7275 9785
8916 5305
8821 1252
7642 999
1215 5014
7543 7150
1182 6310
9369 2565
8530 8747
4539 7411
7836 4903
1005 7988
514 8420
5972 8756
560 4080
9537 7835
3866 4805
9492 9039
6057 3486
38 3625
4852 3933
7127 6035
244 6497
8600 5126
5244 3140
2537 9432
4395 3542
7420 1262
1963 9744
6370 2523
3825 5907
6711 4043
713 2555
3082 3122
6042 9472
6747 894
3406 3875
6929 2
372 1882
1480 1968
1374 4017
1400 2121
7560 5173
3383 5875
4917 9754
8398 5094
5661 1461
9137 2726
4017 8571
5849 59
4396 2596
7305 4154
2823 587
508 9547
2469 1988
7867 195
6005 9268
2316 9917
793 5700
5792 2062
1806 543
7157 3819
8356 2646
6546 2373
1218 2395
8784 1966
1343 6090
6120 519
3029 6628
66 5498
8616 7934
5693 973
3554 4361
7243 4347
61 3035
2761 8219
9930 9918
2039 8287
2565 8585
7012 135
980 2149
2101 8675
8239 8221
9194 1268
1201 5613
3118 6169
3547 5163
7142 7101
9524 4385
7800 5938
3773 561
4157 55
6832 6196
8342 5749
4781 1707
5884 2113
3856 4337
7141 8447
8910 6335
6067 111
1948 9185
6280 1847
700 9774
5300 6576
4160 3100
2514 4285
14 3024
4340 3198
9220 9035
8947 354
742 1183
8819 950
5520 5960
9397 782
8648 5464
893 596
1001 3525
8796 1701
3299 4096
4629 3811
3549 7144
8096 3563
6520 8789
6761 5740
7824 2060
2446 4918
3243 1266
5868 5115
3578 5265
5897 2226
729 3142
9175 8082
6667 7971
6135 6318
2067 764
130 5616
4260 4578
5531 780
3367 8644
2873 7543
704 5319
2461 299
2937 8329
1766 6516
3594 7663
8742 675
7157 7917
5109 176
5888 1244
6495 4308
8361 2977
9924 2621
7555 5456
9754 923
452 2627
4818 1157
4298 7280
7808 7236
5609 9575
3752 5556
3590 8846
6231 748
6764 1341
924 9004
8937 3771
9664 7298
6748 9589
6272 4304
1397 6026
1579 1849
5005 6397
9358 9303
3677 7167
6539 5639
3094 6643
1195 6684
5490 3778
3784 8606
1471 4709
7610 409
8480 7275
4059 1581
3216 6683
5885 965
9061 3816
9166 4066
213 4877
9722 243
2044 6261
5882 5138
9257 7077
8174 4747
855 1959
3353 2327
3020 7315
9088 7852
942 9499
9433 510
6183 5318
1475 5244
5486 6994
5663 5700
1871 5385
2295 267
7998 8177
1757 7255
1606 9931
2002 8813
8242 1707
7492 1262
5375 6580
9115 6317
2432 4900
6828 8615
6571 4655
211 2057
8001 2226
7757 6224
3963 52
6491 1962
4581 4600
9217 6187
4532 7572
5001 2774
5631 2493
389 1006
5426 5856
3676 4210
756 6856
2825 7327
7863 9388
9385 5865
7967 3494
2089 1930
9899 4933
244 4480
9533 9462
7020 417
3386 8373
3192 9017
7218 9933
6376 8996
5789 52
3206 6545
6908 2383
3873 4771
8124 9610
6988 6091
3104 9078
4373 3003
363 4618
3836 9896
432 856
314 3818
5581 9858
9187 2799
6143 1915
1796 1932
1967 5002
8477 5227
3738 8702
9999 1862
8312 3339
7953 7769
8769 2326
772 9132
6944 960
5381 7376
1816 5695
7546 3749
1905 3086
6549 8048
5001 4697
6332 3321
6051 4809
8548 9789
9864 4899
1651 4528
8239 5956
2297 7008
4635 9422
6141 7931
382 1522
1660 8551
3569 9206
2300 1826
8644 5201
9874 3646
9898 6206
6967 2302
7367 5515
2091 3583
6767 95
8112 5006
6051 6761
2014 686
6183 4507
4970 6566
2381 6630
1469 2302
5836 3769
4128 4481
5323 4002
4479 1573
6560 1446
3875 280
3313 5967
3863 80
2414 8327
1438 4817
5089 9805
5504 7624
4312 474
542 3046
3456 2011
5348 9292
2133 9477
125 7456
9831 956
9029 2744
8754 9257
3024 8420
1576 3239
8500 3990
1567 6291
8807 6656
6096 663
632 6760
7489 1175
9806 945
3186 5155
6590 1671
984 6715
9127 815
7672 4509
9911 2778
118 2935
1198 1694
6175 6051
5684 7742
2342 843
750 8438
1507 1382
1550 8996
8909 1357
9942 2096
2864 2884
119 3848
9599 5599
1015 3623
108 927
2754 6578
214 3952
8272 2741
3 3956
483 2345
4799 7585
7135 2658
5320 8686
1655 4229
6395 7949
2677 9259
7185 2797
9459 6784
4748 6826
6760 4856
4105 5866
7786 4320
9818 6058
3413 9822
14 3897
8519 1165
7834 5655
176 9506
693 1831
88 7088
6132 9117
2699 3317
8266 8510
6453 3014
5336 9565
4222 5794
5431 2008
6466 1602
8066 9879
1424 4432
128 6295
1950 4315
8302 2126
3821 8995
309 261
2435 6441
9379 1486
6110 7645
9996 8915
7012 1685
4833 1234
7479 6616
3243 3945
8218 7661
176 5994
2094 305
2290 4044
4620 592
2522 4793
9588 2831
5055 8375
5624 786
9862 8086
8431 9858
7001 1795
1543 1834
3030 5374
4803 2625
5671 3021
286 5848
9016 8732
6153 1306
9128 7125
1898 1650
1918 7838
4481 6973
6214 6457
7759 2428
4543 2543
8638 1545
4338 6534
9731 3720
1908 4534
6345 7580
3908 6632
3428 2924
1716 5933
4230 845
3058 2480
2495 4976
319 3329
8302 2885
9786 2413
5313 4330
1308 3951
2227 5647
485 1958
5719 8746
2845 2065
2678 6753
5049 6106
6029 6765
8391 259
7610 7801
9091 6458
2777 5762
9787 7431
8647 9573
6197 312
255 7505
616 2482
9504 7453
793 5224
2551 3638
7289 5229
6743 8690
7687 2772
5455 6078
9383 9418
3879 8474
2228 3009
589 2015
6792 5588
7940 2989
5901 4548
495 2869
7030 9999
6674 7823
5223 9226
7813 8864
4455 4556
7554 8495
3680 9362
4573 9415
5132 4805
7890 7360
4166 4831
5727 958
419 19
3948 2672
4567 795
5541 1598
794 8568
5773 2370
7794 3587
1234 8601
4495 5141
7096 4528
855 8022
3943 5987
2827 8185
9699 3345
3016 1778
4303 3436
1797 4603
6108 2717
5398 8002
667 6193
6570 6440
4915 716
6379 6149
9317 7227
7642 2766
8107 8497
788 2050
836 9967
6588 6887
3312 9604
8665 7615
9392 6815
2219 1853
9532 7617
6207 199
162 2777
2991 5077
3493 5723
7579 9162
2950 1573
1928 1057
71 9068
9459 7259
5387 6047
4147 8699
2004 2812
2667 1396
5979 1238
9601 5511
5207 5808
5710 5370
4937 5054
6799 4782
777 730
3945 79
2304 2225
7488 8727
7646 6947
2338 3033
9347 6485
8085 1351
5650 752
9099 1629
1990 8701
3493 3549
861 5555
5271 5799
609 2071
6933 7738
9153 7230
7817 1457
5808 5305
6536 3454
2253 8875
2839 7952
1712 924
9303 3714
1676 8402
1696 18
3455 5189
3568 669
744 8839
2820 7706
7262 9753
5444 2768
6984 3262
577 9144
8567 7114
2598 7172
2341 5437
5124 4053
2714 779
7768 4390
5534 9464
761 5341
1005 681
6010 1749
5872 5182
9455 3135
4936 4900
5903 8272
4514 2832
7416 3081
9946 6366
6606 2287
8155 8082
2693 869
5214 6813
1612 748
2629 8725
6089 3634
9406 8452
5383 5278
3634 1191
4765 4922
2443 7020
3194 6957
9853 6962
6390 6151
9680 9348
4791 7836
7431 7484
5057 2645
649 3021
9745 3278
1746 5834
6912 7504
638 8647
9135 4273
6190 3900
9195 8633
7273 8742
5590 3478
5704 1981
9629 1737
1329 4420
9573 5112
8256 982
4109 8905
4004 3854
8535 5750
6041 5447
9607 6679
447 8742
952 6637
2642 6500
5271 6267
5242 7213
9745 7298
5546 5727
9035 3228
6499 4960
4692 1108
5943 8802
6365 6299
9008 4901
8401 5049
348 8008
1729 7147
6750 9033
3785 5745
5533 5408
8364 7127
8973 8110
4426 872
189 9813
4100 3040
1126 5144
4148 3421
3946 514
9720 2955
1767 4473
4356 2115
2482 2437
9263 5584
1471 9400
1329 3356
1160 9694
484 133
4156 1262
1005 697
7427 1457
3737 8553
6602 4238
1974 6900
1104 8046
6207 2871
2520 564
1338 5002
3001 6953
586 4472
6353 8268
4181 3865
7962 4665
3999 8470
2279 1356
9167 9706
9166 9256
8260 5768
3494 6586
9020 950
4633 5228
3821 7153
5792 1512
8507 5145
8465 5445
5970 1171
3713 151
5036 8027
4816 5387
2849 7095
3096 2016
6801 2262
7625 1413
4382 7471
8000 3402
8422 8985
8630 8595
2490 774
107 997
5920 8573
2794 1890
9744 2860
8393 1132
887 3209
6520 3737
6656 9616
2105 9809
1878 9730
7575 2612
3554 5575
6014 1976
912 997
571 3402
8123 679
4399 395
5604 3545
8637 1700
6405 7030
2832 3645
6591 9352
3734 3247
8968 5839
9409 7198
1922 6984
9810 5476
8911 2177
3804 9823
3174 727
3225 1297
7758 3976
8045 3362
7521 6682
5062 3927
3713 4247
3924 304
3599 7658
9904 8920
9849 9313
6118 1771
2649 2281
3599 1560
4458 3755
7735 7632
4483 7312
5281 2241
1288 3326
5604 5161
6361 7018
5440 74
1265 9364
6730 1217
7022 6634
137 6872
2299 2607
4995 4948
4888 4947
2860 9346
8702 595
3330 9537
7907 4964
1779 5547
4642 3735
709 1003
753 2501
7429 8371
1866 4160
5940 5240
794 6077
8464 3094
5036 3460
4394 6277
4759 7255
5623 9813
4202 5306
9351 8462
6622 1130
4009 1264
4865 1070
8620 1970
3572 6049
6693 5438
209 2633
7030 7356
5062 5495
6802 99
5307 7548
6376 66
4803 8351
9879 5358
9 9230
3820 6631
6712 7829
4248 7929
8900 2868
9900 8824
8917 2945
614 5479
5579 7644
9187 6993
3139 2341
7092 8446
9889 9820
4864 4693
4524 4744
51 4533
326 3871
7517 7039
8052 1765
4968 3304
4633 1220
2128 9902
4166 2742
1733 6097
387 920
3090 9878
3261 6535
4677 3151
2707 9541
4196 7231
637 4247
1765 964
4470 9282
4355 8874
1047 9323
2179 2032
6896 659
1934 1062
3402 3668
3511 141
940 6601
6371 4202
3136 1048
7353 5844
590 7901
9427 7579
8500 7544
8543 9322
6826 2898
8196 4225
8574 6727
2609 5470
7387 4544
6532 7141
4564 43
7282 5504
2996 5
6058 2485
1054 9763
4681 7996
7664 4108
5575 6164
1653 4119
5486 4831
3369 35
5409 1943
6762 8018
7413 501
8914 297
7642 9830
6692 1276
1687 6041
1282 7745
8526 2336
7509 9559
6684 1525
3667 2259
4042 1672
2730 9528
2856 2452
5915 8265
4395 2678
2635 8161
3179 7902
4810 7174
7732 7855
8450 9419
3896 9732
3517 8774
8420 7378
8333 5104
8903 2000
3716 2945
25 6446
8826 2881
5250 4741
1146 9646
3771 133
4159 6951
8035 5321
4125 5768
3176 8927
1539 3424
8660 1408
2198 3432
8786 531
8537 4042
8884 8605
3339 5261
1403 8517
8142 6654
3259 5640
2652 3382
2125 6811
6685 161
8484 7162
2281 8013
6090 3820
1437 1102
1581 9988
4534 367
6871 9423
761 2107
8028 4101
7368 9432
2618 1862
6086 2229
3854 8738
1964 5980
1901 8649
6141 6737
5812 8422
4750 1902
8594 2540
3004 175
2528 3890
6895 9399
3314 7656
1507 1342
8109 5227
7126 7080
7090 9564
5661 7296
4654 7625
3276 2907
6275 9417
9645 2087
4191 4395
341 9138
6935 9697
5665 5815
3587 2560
5215 3253
6569 3074
948 1030
4653 8074
8110 8095
7639 3772
5392 2293
1397 8668
5201 7672
4438 1198
6111 8629
5593 6452
7767 8881
6149 9785
4696 6089
2345 6263
9342 5266
5689 290
6297 6695
4717 4407
4790 2356
4531 182
1001 5929
5203 2554
3601 9641
104 6065
4622 5698
2517 8742
931 5019
8527 1979
1108 7224
4595 450
2491 284
7093 5140
6979 1810
5899 8122
518 431
4656 7871
6360 9859
6778 6313
5852 6882
2378 475
8932 1248
5569 9863
6267 4096
8195 7375
1320 2790
4177 163
9426 1270
1655 2758
9432 7555
880 9950
4338 5536
4174 7050
5396 952
9715 7600
7834 8446
8075 6767
9694 3644
2982 5961
4092 1177
9688 1765
319 217
8280 9746
7840 9936
2504 7272
3843 9736
3575 8181
5272 7749
1583 7020
8701 1298
4621 6535
9744 9048
3302 9438
9045 2637
1751 3137
3814 7791
1254 4134
8009 9535
232 5849
5823 2736
9473 6018
2472 3048
551 4096
797 2134
1117 5850
3432 2090
2386 3177
7490 2040
8967 6535
4677 7071
6025 4844
1214 7279
5330 5575
3166 5562
1424 5341
4650 7250
1359 7122
6650 1910
7570 7448
4044 5039
9650 7477
7129 8388
7006 4620
429 2325
7507 1458
5748 9884
2654 6963
3516 7984
2538 6682
3546 315
8376 4548
7565 9735
1670 4215
1646 5593
8015 2042
632 4018
5871 7762
2406 9229
8734 9187
1555 2593
6998 3655
2478 9652
618 5994
3989 9509
9028 3887
9824 7404
8436 3741
7140 6458
4308 5138
2051 8676
3532 2684
2694 9404
6798 5100
4985 5532
640 2892
4477 7638
6548 6955
7290 3518
2949 1279
3027 8330
1519 9203
5734 9955
2944 9226
6413 3605
716 8465
2281 4249
7501 1327
5 4299
2779 4990
6183 3419
7883 660
1057 4431
7616 4700
7949 6917
2331 7329
5247 3850
6532 7334
3805 5829
6560 6571
5786 3629
1388 8067
7878 8889
5746 4235
3188 8525
9225 9371
8297 3460
6383 9354
7891 3999
406 2193
917 2738
9522 2516
2940 2406
9850 3098
8235 2763
9669 4021
2744 7409
8440 6974
6298 538
1209 5838
5416 434
1561 3713
3895 7944
9419 8138
8296 6178
6683 9213
8916 2557
8081 1856
4964 4284
4954 9551
3399 975
9925 6143
8384 4717
3117 1034
5256 4326
3224 7024
1112 4785
737 1359
9082 6508
5850 7378
2686 2533
2943 7954
5091 1024
6163 6407
1660 7469
5958 5059
8445 2235
7554 3181
6953 7023
568 8561
1349 3792
5585 8814
4930 2674
6525 4012
5534 2375
1390 4573
1261 4333
2527 6352
1709 8690
9111 9722
2512 5069
1133 957
3657 8688
490 610
5711 1058
5523 3413
1203 7460
8579 6133
134 5104
145 2020
3832 7887
6593 5093
8572 5473
7797 6633
515 6908
6355 3027
8329 7489
3984 1986
6177 827
8948 8240
8237 4471
8005 9440
1931 6584
1925 8417
8041 8422
6790 8225
6309 3383
9670 1233
8856 3819
7867 9372
7079 4222
2399 5408
1711 2736
3747 4240
9915 9047
8833 8152
9871 6838
3945 8154
9775 5870
2924 7816
4293 9714
6041 602
3097 2063
1836 8306
5882 6055
4030 2961
277 6429
8369 8341
5517 8468
8933 5432
3868 7766
9937 3739
957 3882
1893 732
9752 4817
4900 397
4531 7293
7352 3981
9356 5540
2287 5238
1595 6317
8199 1872
9098 2920
6565 968
7741 5499
2752 1609
9617 2689
5348 6926
2923 3593
4010 9028
8411 8910
9425 9294
2555 6777
3275 1911
2317 1914
3501 264
8231 8052
8489 3682
973 5054
1002 5066
6905 3754
6675 2875
2796 2023
9801 2071
5616 3812
1099 379
9074 6877
9674 1630
3654 2949
9893 2324
4864 3395
2588 9447
7799 1077
9481 8772
2484 6835
3838 9389
6942 6865
2264 6090
8888 8418
8161 857
8582 5613
7588 7656
2490 7262
5638 2496
6564 5532
4820 7780
5279 3761
3579 3078
1190 9413
8203 3674
6248 8393
9416 3190
5259 8032
9280 499
6450 3794
7708 5032
9407 5297
9041 1897
2559 4679
4393 5475
211 5566
3255 1842
9327 6835
4921 6869
6248 3124
544 2496
1517 6312
2039 3128
4344 7671
3628 7147
1465 1336
8531 872
6633 7572
9121 5545
8604 9867
1020 8815
5433 4276
658 1112
7463 1931
4333 3711
1407 4877
2559 9276
7541 950
2405 1886
8622 6033
9033 6439
3721 3916
3664 355
1489 2785
5900 93
9004 3272
5260 789
7548 2270
1901 5011
553 2587
5074 1960
3816 3986
1237 1358
4936 3642
3244 9910
6027 8629
6350 9748
8897 14
6455 386
9151 2355
6831 8156
5628 8444
8945 9528
7066 7199
892 7620
9786 2318
9580 3602
6304 7169
4960 1241
811 4556
1151 3190
9537 3853
2939 8435
3867 9394
8821 3019
8102 2005
1175 82
6801 120
5962 3867
7319 6854
7839 7105
9173 7420
7060 5477
941 2020
3070 8105
6577 574
1295 6114
4427 4234
4549 4647
9981 9723
7666 8083
8080 5193
8165 4881
5313 4127
5100 8985
7334 2940
2442 2859
6712 9502
4688 7653
7875 7759
5758 804
4685 7054
3270 5464
7640 7820
111 7621
3895 7777
2056 8327
9322 6573
3208 4636
7053 4660
9973 4387
7600 8767
7246 664
4622 1934
8318 2497
6045 428
3301 730
3834 6571
2547 7827
743 2658
1800 990
6788 3857
9317 6110
430 8877
7098 7483
3538 3423
8222 7490
2191 1820
8155 6813
3755 2825
5662 6152
9605 8963
3235 9792
1886 5782
7619 8982
8440 9419
9972 1580
9628 5642
7691 59
4519 1141
3894 8057
4565 2117
1900 6756
289 55
3569 4044
9232 5583
6549 8837
4546 9784
8629 2784
5566 2600
1766 358
2020 8091
8291 1648
3733 5982
8059 4604
7123 1954
2662 1688
423 914
4796 712
969 4717
1109 6553
300 7658
5390 1198
3794 372
3983 5712
2972 2101
2422 1344
6544 713
9345 277
3047 7404
4882 171
5710 3896
8211 2485
4810 9360
3198 2131
4077 659
5036 730
4669 6778
1928 4815
7150 2263
527 6475
717 9301
4171 7261
15 3516
3891 3062
7273 5125
9585 2983
5373 4149
5469 6535
9861 5019
8666 3938
2030 54
1020 3051
6832 2949
7866 335
5212 4745
6810 5929
4046 7333
9543 4061
850 3434
3476 8123
8559 9413
7458 3932
3562 9279
467 3423
650 5485
3714 2680
5539 4734
5731 8723
4035 9949
9058 5600
4694 5868
1529 8741
3202 7424
9154 404
858 2630
4879 5769
2044 2337
6053 1958
7969 2872
1734 8619
8357 5448
7652 248
6534 9735
8972 570
9685 8030
6170 4379
251 4051
9472 9805
1476 8627
6561 8686
7609 1440
4456 6005
129 6861
7964 8098
9734 9698
3070 8091
1498 722
4692 8032
457 16
4954 142
8046 1124
874 4649
1528 346
806 9356
5325 7367
8042 2935
5159 8850
8940 1641
5712 6904
6091 5446
2954 9161
9889 4452
6235 933
8837 6693
949 3791
3187 5348
1268 413
9997 2796
7112 7156
2152 2437
875 6546
5372 2387
1749 665
4028 3813
3921 119
5611 6876
5633 5500
7680 1868
6434 2869
4913 3735
6661 4453
9083 7929
4866 5433
7077 1978
2589 5581
4416 9816
8479 6140
2203 228
3157 6231
4041 7079
2703 6004
307 8336
1505 4339
6556 4291
7209 1470
8026 3870
5923 7110
8151 7141
8895 1580
9120 1484
7161 9888
1300 5640
2380 3504
2221 5538
6087 2614
2617 8790
8619 9276
3478 6476
3615 35
767 824
7857 5145
1046 132
8607 5549
7273 7502
7129 6393
8986 4290
2633 6639
6283 5014
6495 8504
552 2582
1118 3169
7725 6089
8797 1203
2565 2412
7590 9684
3237 5447
4830 635
5579 3437
6185 2853
7292 3314
5598 2630
3957 8232
9269 240
3246 2116
8744 150
1051 6214
9671 8776
8656 8468
6331 1221
880 3922
906 469
9369 2088
1105 1301
1877 3642
4154 9169
6956 6104
1800 913
4336 7421
7505 3934
9538 2601
436 589
8816 107
5717 3824
8575 2048
5045 5808
5970 2303
2629 1692
743 86
2993 2621
3728 3499
8142 7037
9603 9942
7950 292
3716 5456
578 3254
8057 7367
195 3225
7474 5912
3401 2402
4312 8447
4562 283
7102 7191
8327 4198
7278 7672
6819 1006
7523 1313
8043 7126
1256 2346
3770 1324
4154 701
4578 8563
8068 1125
8141 1894
7037 1542
648 1349
6341 5210
7984 9796
8754 2663
3994 6032
335 7165
3390 7858
8478 7786
1337 6086
132 1459
7410 638
8512 8340
9201 2932
9465 3694
4827 6502
5237 1827
4204 1578
7038 8540
1374 5792
1204 1720
8176 1539
8885 1566
5750 7364
9352 7087
9802 5836
4898 7213
2826 3411
5553 8380
6343 5019
2074 7522
7873 3663
9350 8429
5242 2740
6970 2968
8532 8174
4689 6708
6065 9926
4626 1815
3642 331
5254 3445
2519 153
658 5346
9916 2563
3726 6259
3934 2152
3782 8160
5816 9484
6589 7410
2224 3559
6730 756
8085 7771
3816 503
7698 4794
2318 1340
5125 3925
1137 7645
4078 8147
9343 3994
711 9421
6605 997
1573 6739
9157 3741
6223 5747
1151 8447
5658 7882
5555 96
2005 5723
599 9703
6870 2917
7396 1995
3194 8533
5992 7272
6681 5335
7618 3744
4756 576
4741 2682
7315 3899
6423 9891
5998 3927
8338 1656
1809 246
1752 3814
2321 8703
9870 9191
7973 7266
7539 1167
2151 9883
8440 8832
5219 2410
2576 6327
2986 7318
5361 6654
7569 1785
6545 3567
5712 1235
5223 3873
1481 3328
4039 155
8383 261
5698 6356
3879 3237
7524 6031
3121 2316
4863 4692
4726 3792
7371 4065
1110 2733
719 8679
870 7264
2246 2934
8499 3821
3159 6333
3501 7198
2840 1885
3812 8538
4593 7691
8128 2117
3722 7601
4433 4938
8645 5512
8730 6016
5929 9840
5101 3000
4871 5971
264 3469
8905 5115
3642 2064
1448 7144
5615 640
5381 9427
9179 9974
3470 3659
8444 7193
1260 9229
2131 6257
1093 7213
2273 7022
7053 7375
22 8276
9698 6638
1745 4956
1754 1739
7020 9554
5235 8987
195 616
4766 5726
6943 4589
5737 1739
1782 3349
968 265
9606 2062
7478 1879
9084 883
5606 5459
5511 5305
2097 7256
261 203
5347 3633
9758 583
8973 6305
7551 91
8383 4494
4680 4120
6233 6462
7469 3554
3079 7075
5616 6909
5306 1052
7792 913
6511 3303
2570 4961
6911 2831
5164 2259
2816 1274
2842 1789
7579 393
1881 2314
1240 2913
6434 3825
5728 255
7379 8807
7330 2995
5717 8989
400 9861
9902 6911
3165 2472
8224 6428
1655 3389
5039 4471
4663 4233
2613 8595
979 846
7261 2219
3759 3696
2396 9487
303 9776
4647 3986
9123 6716
2975 9523
6577 2877
2787 6094
1701 1011
2523 9708
752 7562
4179 5416
1796 3144
363 2775
342 7624
1346 454
7672 3742
6293 7976
9870 940
1962 5346
7656 1289
4869 586
4166 4008
6680 2219
5020 5555
1927 5772
3118 2458
7540 1266
1955 4255
393 2297
8232 8091
2751 5904
8185 9045
232 8056
6337 8546
3402 346
9835 4623
932 353
8632 7612
8924 4
3168 7203
2128 2638
9662 9669
256 1617
276 649
266 8508
5092 9370
765 3277
4767 7349
1333 1104
2248 1087
7802 2083
5711 8734
8789 695
2699 4065
699 5867
1269 9179
4857 7283
8848 5113
8900 5477
2114 5518
3985 7206
1240 1102
483 6007
8452 8169
3464 700
5608 1266
9135 7671
1 4276
8366 9052
8342 5417
4919 5963
4597 6128
3246 9797
7593 8498
1626 9707
4016 5612
3265 5257
3066 100
7616 1518
4621 1080
8570 230
8699 7706
7901 8700
8334 2620
7752 3028
4389 9023
8991 5338
1503 2237
5136 9096
735 3114
5155 1104
8726 8420
2713 8145
4872 329
9663 9494
1410 4586
6076 109
8644 3977
5161 6978
2949 9265
7 7339
4640 8998
2677 6143
7588 4165
1591 8323
7280 6746
9427 2358
1518 8492
503 6390
8822 6519
5884 6584
1105 1960
6693 6101
2290 8206
3079 5239
3823 3086
8930 8463
8437 1608
958 6025
5773 8901
700 9405
5647 6480
1764 7165
4972 8619
3555 3794
5138 5792
378 2595
4104 3423
8696 2746
7981 1776
7986 1804
1214 3268
6619 6003
4876 3929
8380 7002
2830 9081
2759 8477
5561 4523
1994 533
3143 1902
680 4633
7694 7410
7229 8150
834 2277
897 5167
405 5235
6972 7972
8503 9943
3975 9732
3873 8708
3086 6703
7789 5845
1533 9702
6721 3527
6587 9864
1781 7267
849 9475
1030 4430
3978 8216
6708 4875
3383 3465
6462 355
1437 1317
6651 1765
1049 524
473 487
3579 4614
6333 5112
4316 3054
4992 903
9270 6773
4523 119
2601 5553
902 6579
3769 7610
7806 3504
7427 620
3860 8865
1937 511
6982 9339
7387 7455
9826 966
8421 6159
2431 2737
5565 3775
9992 1187
6900 867
1307 9501
2772 8561
2432 2893
6171 6590
6398 3598
7210 6610
8815 9148
3473 5797
8487 860
9604 4665
8178 8025
7177 609
7114 2742
736 7107
3930 7637
4326 1589
7138 7099
150 5923
9992 2673
2513 6390
2623 9724
9352 7791
5224 2825
3588 63
3685 9545
4728 8216
3922 1905
8825 1037
1000 5914
4496 1282
3551 8822
2871 7041
5921 9373
2964 2266
8398 5478
5008 1021
1554 4361
8812 6778
7186 8753
6841 7224
4650 1569
5440 8572
9827 617
9609 827
6531 4105
2109 82
9280 1332
7124 5201
705 88
3819 5455
1918 8828
6476 3472
3189 1641
250 6727
6746 3443
3951 1396
5013 9391
9968 1192
9 9578
2019 6540
35 480
2975 9315
1812 99
869 8869
6539 4688
4324 4810
9868 7152
4634 9409
5145 4885
6137 1891
4680 88
3287 6045
9480 9608
7237 5841
5538 9256
8733 5573
9736 1708
1241 7900
8159 2110
6769 1051
3150 7445
5861 9371
4598 495
8780 6095
1732 4917
7987 6413
1358 7626
2458 7190
7234 9696
3031 9124
5304 1764
4698 1393
3473 2291
9293 1632
753 2415
2683 3903
9860 4896
9626 810
5392 8407
6906 3476
9676 4893
6241 1034
8871 8700
8224 2458
4748 7607
1582 6404
9372 2632
7797 9197
4923 7091
7181 5676
5858 6217
5932 5718
1113 5558
6529 2857
317 9787
6334 9994
1032 2575
7380 9903
7627 5605
2361 8727
3212 296
5132 8936
2928 2929
8133 4204
6372 5315
6232 2230
1532 2164
4301 2645
4075 7182
1855 4392
6969 8189
4386 8001
7116 8119
7904 4744
3724 6618
9823 3288
6914 4955
2225 6194
4237 358
398 6961
2025 6631
5544 9909
5147 9845
8907 9222
3379 762
9967 348
5303 705
4701 2419
8824 8957
3515 2548
5575 3339
2189 8841
4646 4414
1388 8883
1124 8138
2197 9502
1121 7741
9411 6269
3938 8318
1843 7317
9080 1810
4017 735
2516 8718
3155 7692
7675 3022
6593 9603
6361 8782
4796 7360
9548 6184
2595 672
4323 4792
6526 5444
8885 5938
8065 2823
608 9909
6492 6041
1719 6861
6776 587
5579 6283
4632 9607
9306 1225
5562 2019
7 358
9379 9555
6543 1975
6579 7218
3119 3106
2662 2005
5396 728
1180 6004
6989 7673
2045 5060
4534 8822
2000 6466
1457 6632
2425 763
7857 7987
2783 7864
4697 8514
3771 1240
489 350
4810 3609
9808 3825
5614 5204
4553 6794
1209 7894
819 9606
2954 1706
8428 4954
4524 9886
1586 6949
7001 9443
1288 9784
3659 5985
8299 7430
3578 5140
4133 8388
8749 3941
8565 715
9146 9470
3862 6707
7364 1033
6313 319
2739 1094
1625 7263
980 3212
564 4333
9007 8204
470 9019
4190 8769
6449 4120
261 6934
8860 5363
876 7426
2430 6374
6896 6292
3081 4261
7326 9394
932 6417
488 2557
33 7820
2121 597
2154 7481
8802 2624
6500 9344
7745 9301
3464 8006
6236 8676
3369 7112
6102 5800
3486 9351
8444 2919
3612 2122
2313 896
8540 2802
3453 8573
622 1927
5522 9128
9408 4324
1752 5908
20 9497
5209 9836
3856 7797
8513 3577
4909 967
5729 4747
318 4174
7666 282
6296 6332
1178 1188
9134 984
9761 6108
2911 5284
5237 2319
5960 3341
4579 5981
9191 6140
5817 3047
3938 682
6624 5199
1650 2354
9947 1968
2880 3965
2251 9176
297 9781
6717 5783
765 6478
8244 3676
8114 3481
2347 427
6822 3278
6408 6013
9419 8577
5412 3357
9260 2037
8556 910
743 4855
9230 3623
5173 1481
9151 5470
1263 5868
7606 8380
8699 5850
8409 3165
5683 756
3592 8857
4035 6352
1223 9806
4930 6635
3163 542
5024 8071
7804 5767
2927 7034
5742 4452
4868 1246
6274 2483
3466 3880
863 2165
6082 9272
1683 1765
6381 5275
623 6768
1628 1846
6574 2910
4833 6089
3452 9858
512 1256
1977 9791
4642 4072
4243 9510
5318 518
8345 8784
4398 9209
7302 6833
4833 8985
8598 1214
612 5573
4334 2240
3771 908
5150 8605
3349 4954
4815 3862
6210 6792
3653 7205
864 7897
3067 2534
8415 1413
7671 9165
6974 1325
5998 1807
6662 949
9374 7274
6522 3708
9515 6646
969 1017
1603 4318
5972 6418
4532 8534
9562 8186
2091 6779
2435 5159
9313 850
6572 6984
6367 3546
8309 2366
1705 4971
9667 1079
2246 2541
1140 8113
9187 2109
5482 7142
2779 7806
3560 7312
6341 9475
1850 8432
6254 4285
9943 5567
1487 6515
8904 7854
6413 7213
6572 8119
8537 6239
5550 7135
8781 3042
1600 4320
1503 7082
1463 4283
4889 1375
7947 7582
850 9797
2366 7104
434 2310
9024 1921
5177 7928
6127 1591
1493 2700
6062 6382
5291 7964
3517 4072
7359 5117
4745 8862
8552 6208
3145 9793
7583 7444
7375 4786
7241 6093
8242 4027
4755 7266
5948 9933
1546 2076
7876 9392
1128 290
5774 6419
4606 5644
6844 1965
7113 1589
828 2017
4149 325
1810 8084
7770 5537
2870 1363
1631 1113
5391 6386
4731 7691
2671 2630
6119 547
2022 3599
837 4148
19 1796
6144 3215
3761 3258
1156 941
5275 5305
1267 3438
3389 5389
8975 2612
3104 606
77 8495
3345 4808
2539 6016
7438 8658
2916 5812
2258 105
6313 8629
1901 2457
8196 2015
2067 9352
2956 3695
1009 575
7133 750
5964 2460
3362 9069
9419 3439
3916 2764
4600 2807
5132 8390
1466 8048
555 76
8154 6868
5057 6407
5677 3253
8422 7745
2605 1379
7792 9966
1954 1277
716 7919
3737 4079
3340 3156
3870 3608
2272 8470
6416 7405
6861 4234
1805 7416
4310 6311
636 5719
2719 6313
8972 1141
410 7929
2520 8202
7895 827
9479 8611
5098 9569
9042 8438
9077 2913
8398 1350
7735 4814
5107 4596
9048 3264
8364 9710
9576 9000
5429 2295
1666 753
3436 2076
5034 2309
6631 9281
3136 2462
4245 8234
2031 3287
3024 1109
2552 1422
8811 288
6237 3918
1236 1637
7182 5953
1348 3110
1305 3129
5405 2971
235 5194
1400 5269
7503 8031
4551 639
493 8796
5225 2525
8435 8249
9986 988
9671 8797
7628 2260
9067 8864
3898 2601
4817 1598
5712 2475
4727 1117
5446 4962
6311 3198
6584 166
1229 1135
805 8075
9931 6030
6952 4718
631 6938
5706 303
2087 3334
2563 1154
8551 2813
107 9720
4411 5819
2195 5491
3289 3994
6805 5952
7192 3389
6119 4774
4524 3276
2849 807
9307 6153
5526 9938
3091 7584
6593 5178
919 5509
2684 5822
8322 2791
5542 9086
4963 4090
4577 8252
8084 1382
4204 1628
4772 6675
2754 5648
9952 5603
6456 5611
1756 8334
1901 1199
5918 8495
2729 3189
4004 1765
9011 8678
909 4554
7764 5872
4996 2341
476 3080
76 4680
1060 4848
7708 3815
496 7660
5770 3304
3271 3879
1638 5172
1430 7557
19 4160
746 4023
5925 9758
9054 6834
664 6818
9058 5660
5512 9534
5092 5588
567 2504
6788 8275
2671 7284
5935 8442
6941 5558
8673 8579
730 103
6136 7102
4263 3235
1125 6541
9345 6531
9727 6361
3350 8786
8373 5214
4672 9817
802 5239
2321 3942
3514 1345
7578 5801
9787 4519
1359 4812
3099 8442
4915 5587
5544 5531
5174 3021
8424 4519
9553 8151
7232 9255
3289 5605
821 7962
5422 1623
3201 4096
1917 3068
5441 9495
5221 1580
4015 2933
6392 3466
7727 7659
9053 3271
9542 580
2644 7966
5099 8549
6118 2332
4156 5759
4289 4977
3721 6064
2952 3275
160 4869
2695 1953
4365 7916
9885 4732
849 2629
8198 8576
288 3603
8199 9831
4183 7196
7797 5635
5745 267
4319 6254
2379 8608
1231 2452
4672 536
2079 1184
5405 4774
3137 6122
2691 3022
7206 3540
5651 1756
8469 2292
5360 6668
8475 5895
3864 6272
1530 5962
2892 5849
8568 1623
810 9799
4075 5482
6687 6155
6667 8445
929 6156
919 9972
9179 8126
9865 1182
9882 8334
3474 1594
1354 1949
7490 1571
4574 5372
3885 3818
1222 2453
5441 8384
8604 5868
3866 5292
2023 6885
3737 9305
3042 4656
5629 8573
9134 5494
9755 9017
180 9582
611 7887
7883 4453
9458 2457
9826 9695
2627 7400
2148 4420
5784 752
289 6002
2396 8664
2888 6133
4321 2282
7142 9951
855 6276
1797 6962
5293 1978
6544 2257
6217 4428
3062 5675
3237 9240
5370 5865
6640 3870
285 8776
4622 574
1131 7019
5591 4019
9504 9912
2653 6646
9863 3508
2923 1661
470 4568
9991 7015
3177 6208
7795 6240
8235 1032
5480 9957
6897 8473
3827 3535
3601 4801
4109 4732
1820 9700
5103 7677
5965 7756
4323 5828
1264 3598
3841 8087
4519 184
1454 7696
6392 9249
288 979
281 2121
936 3531
594 4763
7066 4195
5917 7527
5280 4089
3580 383
1766 9545
8140 2442
1725 5756
2392 5567
3843 6911
2103 5297
960 4848
898 1248
5827 7532
3369 3116
1063 315
4231 4481
863 148
2008 6143
4238 5588
6526 6004
1485 4666
4798 3211
423 7191
8778 618
4102 881
5916 1414
2081 3166
2663 7909
698 2384
1025 8113
2700 5256
2594 3563
5405 4603
9706 9643
6543 2584
1999 8029
7251 6798
1240 4026
341 6370
4644 4443
3603 6912
2210 5685
6431 4873
9946 7129
7257 971
5243 6309
2579 7837
6224 4336
8792 2282
331 1688
4867 2331
6069 8470
5481 3661
8848 5822
31 9844
6617 9986
3109 8827
2023 9540
52 1969
6669 3662
9292 8264
9971 1872
2454 2548
2560 7598
4830 2892
9286 9697
5223 5355
4519 704
5368 3367
2878 5399
3212 9495
1738 2673
8323 3761
2213 4727
2083 8882
8389 7727
3499 8361
5951 5953
909 8512
3551 2091
1404 9190
1789 2979
897 2660
35 6266
2380 2913
8017 1944
2408 9755
4617 7083
9869 6830
1811 8304
2064 200
6031 5563
4913 1983
1516 2174
495 1420
4266 8251
610 2407
1230 1507
1419 1265
7773 3799
4178 5791
5743 2938
1898 360
6374 1767
7190 4537
6423 5607
1089 2455
1170 6003
790 9039
4529 7637
6811 5147
5888 7421
3906 3470
5280 5326
4735 3054
9125 5265
5197 1221
4555 7095
1581 929
5215 5124
5466 1638
731 6556
445 8253
8911 1235
7292 3440
8872 4103
4940 1112
7876 8846
4582 3157
4172 5669
2563 9650
934 7760
871 5490
1207 8804
2771 6422
3928 8238
4413 4659
1146 4858
2913 57
2446 6557
9849 7670
7013 4789
8783 4889
9988 9717
8046 4160
5387 609
162 2673
4721 7385
4515 5929
6190 7287
8703 6470
1877 3116
1130 9375
4327 395
9432 6773
3304 5633
795 317
423 9578
5207 411
9296 9605
923 1035
6567 7438
60 1288
4823 4576
3569 1013
8215 2273
7484 6444
1741 4966
5819 6068
1713 1603
9193 1369
7236 9989
1687 7659
5919 3246
4422 1567
9203 1698
8954 5770
9136 9015
3411 3959
3591 3332
1325 8158
1957 5161
4602 3699
6479 6773
6119 8192
8376 1665
9561 5612
8006 7600
9624 3925
7198 398
1845 6402
2096 799
8524 1232
9814 8287
1544 9757
1620 2869
4267 3577
4382 5221
3628 861
1994 6100
9053 370
7765 4966
2335 2123
8919 8311
6048 6117
8709 4245
2519 806
5045 1044
8390 1211
5683 6286
7321 7303
5507 1588
7233 9889
6810 7213
750 8804
3313 6155
5527 7430
7474 4214
9553 6393
2525 1954
2510 1234
2551 1382
8392 3948
8778 3135
5160 4461
9421 2481
8117 4929
421 1702
4818 7231
8915 1921
2388 8581
8076 7915
2363 1902
2129 8269
8295 1006
6575 7158
2240 9126
8540 6985
3075 7318
120 4587
1779 5893
7068 6248
822 7489
7950 1993
1073 3218
266 3461
8151 4694
7728 514
6597 6209
5135 4892
7215 1710
8402 5807
7189 6942
2792 264
4260 9264
4851 2392
5158 8271
8640 2332
2112 2943
677 3185
6161 943
2998 4312
5638 7078
1178 8587
3287 2666
3479 6854
4376 1882
2662 7917
5176 1806
8181 9437
1071 9384
8181 2581
4007 3173
4913 6120
6116 5591
5657 2277
6534 5008
2941 8524
2086 472
7111 5374
3138 6943
8580 3866
5177 1242
8136 353
9401 6317
6142 472
2054 675
3053 6061
3849 4318
8533 9965
9909 543
8595 2796
5551 7888
7672 7637
4712 1136
9363 4202
8079 7944
4421 9608
5538 2557
6313 4939
5226 8808
1763 3632
9483 1168
9694 9684
5487 4579
9650 1748
5122 4597
896 673
8837 8569
4663 3550
9705 4026
4104 4136
8322 8525
3744 3861
1082 6409
5152 2661
5217 3268
6293 1053
4436 2339
737 6275
6919 6739
4376 8393
1336 1624
5419 6526
6545 82
76 2602
460 4180
6738 5135
9058 6834
5348 6492
3244 500
9153 4813
3768 5447
5866 4557
7786 6604
7184 1057
3343 7912
5803 1032
9537 1222
7558 6082
7656 3986
8685 4468
4518 1775
9603 3576
4962 4951
69 4558
1804 5574
9371 5572
7373 1590
6481 1512
8194 18
2569 7889
4282 8372
8921 3819
5946 2831
6254 3602
6817 1291
8071 1336
9418 7674
4912 4380
8978 1333
8938 782
6908 4662
2706 4281
6252 5540
5793 4446
5558 4715
8687 9840
9439 3961
12 5386
6792 2618
5340 3610
3909 3411
1298 3327
7438 2562
4060 6416
3896 9350
3550 7156
4012 6256
7789 264
1796 3583
1062 7354
4650 9750
3547 4089
3711 9911
5827 503
2529 1168
465 2790
931 1763
2469 8369
4326 6529
1137 4574
5880 4687
1730 9892
944 9519
6509 9092
9454 7571
2799 456
3673 6346
898 7384
6257 6725
4240 5138
7893 1057
7928 8825
9173 397
3546 9851
3279 1036
4425 9159
2075 2507
5403 9371
8378 1912
8464 4185
5836 1263
4641 9509
3961 5539
3246 6570
2265 7486
1708 6510
4895 5988
1687 4068
6385 1586
3919 6016
2622 8344
1527 4697
7203 6931
4069 5582
5195 8885
9767 7383
148 4408
6893 4109
6300 139
7031 8565
3977 8739
1427 5224
1079 3115
9293 7464
4701 9564
9833 7323
4261 1360
8372 1464
4643 8793
7046 9839
7678 6813
3574 7826
7574 467
8287 3874
6958 1670
8791 7287
409 218
2512 1488
3333 8157
5305 4386
7721 1490
1709 1982
2850 6434
3447 7494
5227 6845
3685 2906
3659 7259
7084 7585
4079 1724
1459 7389
3394 6602
4677 156
6820 3541
7996 6506
1698 9653
892 9419
1143 2602
7754 3994
5388 1201
1488 615
8046 1525
3521 8057
8784 6958
1994 9215
8682 3453
6605 2076
6407 7634
2232 3228
7527 229
9734 9225
9882 626
4996 7378
9580 9102
1372 4968
303 9212
5584 4702
737 5457
9111 5873
2415 1106
1441 7449
911 8046
9526 7319
2032 8110
547 9559
4691 6633
5136 926
7259 6484
8304 3192
5587 9676
8160 5890
5240 96
6944 5977
1906 6056
8202 4321
3514 9643
8123 4425
4041 7649
1744 2425
2111 8643
1984 6803
1628 3472
4081 5240
9957 2385
8432 5544
8413 2944
7786 3653
3041 4731
5982 4947
7139 4184
5620 653
180 3743
1430 573
7744 9527
2999 6208
8170 4983
9363 6151
4808 3444
1391 4765
5829 9823
309 4242
2767 4447
7895 2160
5530 3877
3459 2669
4413 9080
9674 4593
9175 7457
5167 3272
6984 8166
9480 1506
9501 8843
7657 4309
2287 9048
5426 4468
5223 2087
5062 4343
6535 9309
2855 2065
3186 6315
1087 3951
1747 7113
4897 922
4570 6416
546 1554
934 26
9413 435
5221 7070
1097 3860
2471 2875
8328 4046
4963 9742
8389 1498
9051 1245
9915 8589
3912 1002
2541 5659
4468 7438
2933 9038
3854 3480
6945 4788
3506 6358
1575 5080
9780 9024
8940 2251
1900 3621
6298 6863
3363 1039
4713 2415
8636 4628
1004 2548
5631 3545
4559 99
7335 7493
5489 7541
973 2434
8681 831
5144 6609
5911 4925
5633 1204
7176 3885
4825 9826
7100 8188
866 1813
6955 9502
6442 7960
8403 8425
7857 2962
4876 5193
455 365
9086 7780
9152 7768
4964 4296
4377 875
9221 10
8431 2750
248 3256
2576 7348
7797 9794
9162 4752
5649 1956
2712 404
381 6922
3366 5257
2115 174
1974 1201
7954 1126
8969 9270
1775 9698
146 7348
6061 4929
98 6309
8186 9027
9 5983
5173 9171
7087 822
7479 9800
1226 4212
6722 945
5821 5189
1119 7796
2742 5425
5274 8064
4696 7049
7762 1194
4398 3823
6123 848
6484 661
9875 6494
2996 1401
2017 84
2223 9497
6236 9802
3709 9310
7099 9531
4499 4570
3679 7241
9995 8953
1657 1043
2355 9420
8589 6753
9595 1065
3953 6080
8078 181
2574 1075
1582 4591
7511 157
440 3747
6311 4150
3057 3410
33 3908
7980 3712
7501 4328
2665 9159
1723 1372
4931 313
8125 4526
7730 2079
606 5808
8612 9532
3235 194
476 746
351 916
845 6663
1418 3902
73 1451
7810 4406
1515 5312
8734 533
4471 457
1905 9402
7122 31
280 1204
8462 7239
3365 7074
6771 6600
3620 3599
3699 3971
868 4544
6986 2286
4799 3412
90 2609
7818 1605
4273 2904
2138 8744
9713 4044
4498 6836
427 4779
4392 5241
8370 7757
8667 5141
710 2287
5093 761
2610 5961
1657 5949
8247 6456
9361 4689
9066 3531
6295 9691
6435 4785
8436 6148
8829 9286
9336 5608
417 3729
849 8787
7838 5868
281 4900
8155 5374
5661 7118
7687 7319
3067 2286
3775 2428
6976 9193
2311 9623
8885 8746
4408 3673
1246 3238
2959 6935
5198 9729
7016 6048
8516 1206
1916 5149
6107 6424
523 1768
3542 4562
9087 2961
6849 9215
5389 3825
8408 4052
3448 3645
2798 4208
7318 396
7446 6630
3683 8997
6359 699
5045 1227
1906 3313
6377 8013
6089 3252
6133 5983
7815 5221
8944 1016
4436 685
1193 9196
4737 4641
2842 3887
8849 160
4284 2648
3142 7967
1645 9501
5019 3042
7081 3277
2707 9810
1290 5149
3062 7423
1132 7229
8996 77
8245 9784
762 9438
8981 1852
431 8175
5739 5633
4687 23
4633 7830
4343 2630
3683 5714
2024 764
8991 4731
574 281
6232 9989
4056 7365
7218 9405
3794 1816
9189 908
7606 4522
2760 8038
2697 8500
23 7385
8523 4656
1567 9218
7286 5250
4932 9310
2367 3923
393 2941
556 6626
2930 965
343 6501
370 4137
4669 5911
5045 2275
434 7806
313 9483
6306 336
6868 1181
1344 4787
400 8630
38 1684
4292 2405
1960 4686
1698 8868
7664 981
9833 8007
7482 6555
8496 2151
2467 3541
778 9253
1347 7444
8736 4005
4132 1957
5187 5477
6744 1939
459 3134
9975 4752
5539 1935
5790 7238
804 3454
8219 6989
7813 2053
3545 6309
556 6012
6202 1334
1617 3902
8778 353
7907 2911
8662 9446
4740 5407
1385 5199
4893 1361
9951 433
9648 5741
4023 452
5547 8594
7442 9712
647 7339
2373 7555
9703 8576
8889 1320
2478 4020
8025 385
3283 6688
9832 8023
8447 7569
3222 3340
5282 9526
125 4931
1619 4148
1735 3519
2742 5529
3231 9741
2868 1957
7296 2571
533 2538
243 9363
2910 8269
6100 6193
1309 2284
568 6108
9854 142
9448 1488
6020 9574
6419 7640
74 4507
7511 9169
36 742
8910 9257
9051 6207
8180 5936
5097 8424
5299 8007
3045 1400
552 706
3684 7472
6814 3538
7614 6262
1379 3635
2188 7798
7627 8615
8657 5138
7784 5046
2232 6694
4303 1284
9253 8835
7220 4350
3611 2520
8709 3008
272 5613
3714 3956
3085 528
3847 700
3143 5226
687 1683
9376 8314
298 8034
9804 4434
3080 2036
1129 3735
9672 6734
8922 6893
7437 2534
5765 6146
5542 6037
8112 9257
6345 1197
6137 6544
1897 5632
8122 8936
7316 7499
3602 3966
1885 3406
8401 1317
1795 5882
1404 1467
2616 326
4712 6405
2860 477
2552 4755
2866 664
364 5564
8213 2853
2108 6463
8486 231
5399 5802
4082 9002
6120 5967
8760 873
3636 555
6755 5040
2023 5724
5366 6735
2129 4579
3565 1033
5686 2783
8049 6050
8347 6263
8903 6808
2726 7389
3391 8125
9543 7473
3479 2016
9792 8592
2889 3428
9147 9645
4820 7522
1721 6538
610 3850
1117 4175
4884 3155
3310 2933
9205 8010
5548 4461
4818 8274
8202 8209
2752 4098
2034 2583
6114 8178
1175 9003
7958 323
5000 2778
4197 6721
9316 4807
572 6786
5334 1808
9941 8645
1093 5499
6655 6642
6312 7825
1268 4514
2386 4020
8612 4420
2956 1078
8950 4131
6434 6908
806 1434
9686 5004
4508 5354
6163 1432
8492 1498
3240 8434
6495 685
285 9502
3679 6597
7327 4948
7463 9713
5320 2428
485 8276
3506 9435
2408 6292
6343 9566
7727 2381
4570 8587
7735 7086
19 6228
4936 9611
1014 1431
296 7651
933 3976
600 4612
5276 4415
4325 596
6843 4810
8873 6702
597 7633
2994 6940
7199 7073
5673 8122
5660 3408
1560 5679
5988 6496
5290 3354
7927 1939
7357 5212
2267 7957
9824 7543
2373 4149
8139 5568
5311 3364
2270 2260
7349 1617
9200 4549
8690 1225
9023 4351
985 583
6382 3326
7079 8025
6680 1358
9964 4038
6570 8583
8347 6394
6126 7072
6895 617
2641 2206
334 1263
4466 7683
2880 18
8584 7923
1243 7607
2274 8580
4542 8656
1906 7973
6681 8587
9331 2997
8977 5901
1580 3676
2295 4058
7101 9190
4676 9742
7748 1362
7357 8566
9045 238
8584 7630
8161 6179
1589 6787
4760 6132
1795 3018
4105 4829
7957 3437
7826 6934
5690 5759
6963 7986
9817 4064
3528 845
158 1277
2207 7515
9843 7605
4105 4780
5235 2266
7311 3176
5405 8423
5660 7201
1442 9766
2030 9399
9555 6208
2686 1597
8319 9649
5935 8137
65 9464
5334 223
7093 3894
4090 3288
1499 8196
8068 6734
6814 1732
6262 2220
155 1923
5773 1597
8041 4155
997 3948
6715 3683
5545 5035
9684 1481
9524 9749
7297 4858
6324 4390
5104 414
7678 6603
4962 2099
9689 1777
3831 5952
349 3986
7875 6122
1936 5916
6629 2933
9864 3344
2968 1761
8379 9004
3242 4255
5105 539
5466 1429
1281 570
8195 8960
7174 3158
7411 6863
1287 1242
9167 1636
1580 7042
4110 3516
9310 739
2801 9174
435 2121
7288 5167
1125 530
9422 6230
7422 4888
4011 8703
1811 8559
4015 5337
8069 1426
2200 9356
9020 1368
7344 601
4762 1454
469 4073
8545 9623
9599 8980
1744 6887
4147 9222
3770 9922
1804 1192
1162 2168
9895 2973
727 3911
8310 8796
5337 6863
8152 710
4583 5496
1311 9345
3302 8132
9770 1847
7755 9370
827 5852
2609 1327
1426 6379
1249 3230
7571 2411
5398 3819
5385 2477
4082 47
1273 5771
6910 5777
6481 1493
7625 7792
7191 927
2277 6961
2774 6384
2683 9954
2236 5293
7633 14
1672 8882
9597 5596
7645 4995
5767 3030
3825 9849
9430 5098
5620 6340
876 2102
4186 4853
6246 7729
5781 8523
4690 4907
4908 7374
1213 3496
9019 8846
3511 7043
7728 3108
8991 5374
4455 4758
4756 8280
4607 538
9731 228
3231 6959
8682 7417
1812 4928
5146 7593
3452 6188
8853 4712
9914 66
8208 8933
8913 8071
2329 2993
7531 1320
4719 1987
2431 5828
6619 7038
6366 6350
3618 9597
3309 8652
3366 5122
3581 4864
9067 3385
1053 7920
4449 7319
4339 9009
2605 3252
7081 4934
2597 4612
2606 3669
2951 5037
5849 9571
8428 2215
2273 8398
8165 5583
3403 7883
7057 6984
2748 2476
6721 153
6749 7522
7472 1088
6531 77
692 3612
1363 3289
8225 3970
3310 7528
5359 9159
7099 139
7727 9373
4890 5892
1308 8293
127 4717
1629 2875
7193 4702
9380 3942
2224 6853
5030 8755
3282 5722
2368 4646
5364 6945
4968 8674
4473 6679
7834 7925
6819 5561
3650 8061
7805 4958
6354 7932
6027 4335
7160 3220
9037 6540
3515 1261
9745 4897
6368 3028
6972 5088
7674 2336
2033 8994
7362 2859
5673 1548
7136 2492
3461 786
6905 7618
2096 3259
5551 8123
7594 9063
7695 2983
5603 1210
596 5349
6108 6965
4729 3080
2053 2403
1768 439
7749 5482
3298 3422
3383 6786
2267 6844
7572 9172
4463 6020
8784 6366
4143 6378
1781 1838
5714 7384
3049 6310
9085 5509
3275 3814
4941 5329
2569 3061
2120 318
4895 1770
93 8278
8556 2360
5123 2480
7884 5938
8500 6668
8656 2643
9399 437
833 5113
4173 234
1423 9611
5743 1051
9777 7036
2732 2347
97 4852
9017 4993
6622 5462
9623 5178
7822 1098
7658 5707
7036 2510
8727 2044
1505 8126
2481 2338
3239 3007
2573 1015
2618 4668
2066 2395
1705 1150
1094 8154
6002 6464
9499 2624
1926 9123
4154 6101
221 8164
8160 3610
674 6887
5654 2179
5014 4488
4517 4605
3847 3442
1972 6465
8111 390
5212 6168
1540 2659
674 7542
9123 174
6518 1049
5649 672
3502 5870
5188 1662
5832 5862
8550 7839
4393 9916
8679 8911
4521 2526
8705 2846
8991 3168
3236 555
9336 4777
3214 11
8671 2337
6537 5190
9739 2186
2214 3241
4408 3755
1256 241
9617 9806
8080 4011
6074 6759
9274 595
9285 4331
3441 4628
7500 3030
1535 6836
7807 4750
3199 2830
3439 9736
4372 3178
1922 6587
2772 2683
6694 4028
2924 6311
186 7356
6674 6260
467 2300
3207 6104
2984 3001
7084 484
6031 8619
3672 190
3369 6872
3020 6809
2960 7393
6339 1235
332 5463
3918 7026
5843 6842
9689 6029
550 2716
2289 1017
1368 1849
7121 4352
4850 4205
4836 7233
9176 4861
7423 2546
8085 6795
5707 1045
4188 8398
2280 872
214 6198
7898 6057
9392 3940
2087 9942
6656 728
7311 8024
2577 4432
8729 3779
4989 9917
1012 4166
4778 8435
3064 2863
5231 5123
3909 5771
9873 2541
6644 87
5092 894
6145 4484
1186 8232
779 7842
5312 8090
2219 7890
8875 948
1669 3864
865 9034
4382 5644
7469 7446
4859 9052
8921 5120
1176 8795
7662 4172
8882 9106
1418 5027
9942 2605
9611 721
447 4924
8812 9018
2814 7687
9966 835
7903 7184
9869 8638
2828 3691
6084 4039
9095 1358
9160 271
153 3174
795 9035
8632 2214
415 8574
4819 26
9296 1618
1302 4460
637 468
8499 603
1304 2754
7787 7525
1392 6967
7568 7477
7359 6664
5187 2871
3287 5340
6045 435
727 1029
2649 1142
9603 7468
7521 8899
5438 8823
9711 6075
9292 8210
6679 6948
965 818
4473 2357
4138 8394
6186 1497
5058 1373
720 4697
3065 6765
5132 3793
4146 4133
4935 3749
1601 8808
9001 7040
7632 8712
9467 3276
6923 2498
224 4240
9669 1049
2949 3807
9443 9136
1656 853
6861 2376
1903 9927
5493 7035
3720 9639
1169 5007
3388 9122
168 8741
2514 4152
7454 1982
7428 729
832 4004
4969 501
5053 4270
4308 849
3406 2316
8054 6620
1044 9957
2899 6537
3345 6619
2528 866
7978 2269
9988 4498
1010 8855
8650 8464
7189 6078
9193 8021
82 514
4875 1488
4785 9183
8689 4543
7852 6743
7515 8896
3053 414
1786 6398
3385 4314
7264 7716
6583 3604
2214 3946
8811 865
2410 2352
6943 7956
6726 3378
4822 1601
1218 5959
7136 6259
503 4988
3002 8018
237 2407
4785 2023
8805 8170
6337 2421
5886 9273
2378 8101
3219 7541
8966 1981
9894 2261
6289 6620
1991 1112
4573 3209
7071 1709
9468 3926
3050 8823
8297 3287
1230 3082
5310 6388
7604 7999
5161 3491
3624 3891
1592 3195
1433 6910
1529 7679
9171 7818
651 7515
5282 5224
724 8706
6933 6545
2632 6335
1720 7281
9622 9302
6715 1284
2042 4320
9284 7204
7811 9260
7447 5755
2456 8880
2665 3985
2911 8188
8155 3562
5703 3438
8786 2780
2144 2072
5677 1128
8407 7397
4762 8030
6699 1477
5666 8742
5797 1302
2298 9960
563 9745
5715 9371
4978 4732
3356 7889
9273 7863
1452 1328
1301 238
460 9797
8662 6137
7278 7070
3534 2040
1452 6586
9869 7118
5328 5667
4773 3978
1979 5336
3723 4047
4707 5053
8779 4415
2943 4404
2278 4395
2085 9932
985 2545
6081 6000
5035 3359
3070 4921
1751 874
1507 1621
4344 3187
3640 9117
7165 5619
805 7241
9666 5512
2294 4798
6279 1589
5554 8558
2336 7639
8490 9674
6537 923
5674 1572
4283 5096
6493 2386
2322 8001
4007 6666
7540 3999
2136 1058
5971 2941
8299 1989
4806 6945
6787 1085
4887 2342
5995 7223
6333 837
6897 2870
1761 8923
4442 2396
4019 936
4782 6341
5289 8790
9360 9181
9141 1496
239 5112
789 4890
7102 1947
8188 241
9385 3075
8935 1732
6650 5269
2570 3548
8139 683
2471 8934
3079 2843
6222 4213
9184 1511
9355 4896
7044 8497
2744 7284
3609 9886
8526 7063
1833 6714
7305 7570
6141 6240
9303 2792
1509 8225
2692 6001
5260 5163
4935 4691
4358 7509
8904 9895
5372 8260
4791 2416
6757 7536
9700 6718
7422 4579
3782 5607
1293 7439
3178 7435
3679 8833
6579 1541
3410 9271
3894 8670
786 5181
3361 5145
2690 2265
5040 8062
6877 9831
478 9986
7367 6531
6705 1141
1110 6839
6749 8755
630 9927
2542 661
5112 9121
2202 8522
8392 2448
7192 9179
3981 6905
676 6671
5522 5716
1085 2400
1899 7916
2386 9267
799 5443
408 8261
8634 3509
7016 9264
9788 5911
9926 4900
5032 8480
3422 9777
929 6966
5308 4910
3871 2336
7934 9394
8052 5371
8146 9951
3287 6884
5570 4086
8680 2331
2347 7314
5840 5716
6579 5629
1627 2857
6881 3011
1337 304
9140 8618
7270 800
9881 7494
3136 4167
3240 1188
9538 1386
7492 2826
4622 3062
6912 3302
1745 5612
617 7586
1328 3548
9567 2955
6405 6448
2318 4094
3104 1459
9065 375
2259 8946
4221 5396
9465 7461
2936 9003
8847 428
1829 3469
9843 5094
6772 1588
7058 3741
5526 8386
3641 1445
7693 6398
4246 11
492 7350
1470 9557
4077 82
4855 8298
1830 4320
5759 4766
9676 958
1547 7857
780 1390
9303 3904
9330 6361
3997 1209
4747 7638
2654 2440
4036 3252
8804 4528
603 6626
438 4680
6708 1645
9331 8538
2318 1442
9657 1994
2401 1204
9851 9533
8946 9155
3437 4628
5516 7434
5837 6616
1424 4844
5408 5460
8096 4212
6340 5051
7191 6778
6084 251
4776 5415
5142 7094
6857 4799
5440 5610
2355 1643
1495 1301
7150 1284
5929 9019
8718 8119
5635 6494
2963 7395
1954 7411
1608 8295
2463 8799
1425 8547
5402 2553
314 544
9647 3523
5343 1439
5486 7698
3083 6981
5351 233
8266 1281
9252 3336
5752 1239
9831 8715
8635 1785
2478 6595
6432 4941
1746 4210
9840 7148
6763 154
7693 2763
3678 3036
4202 9164
7087 7285
2497 2438
3871 763
71 9475
4100 5823
715 283
890 9350
2068 3369
5945 4853
4662 7691
9063 4503
4839 2178
1009 8884
4941 1039
8273 9144
203 5360
2781 9053
4150 3004
9816 574
2480 268
2749 9547
551 9992
8897 8972
3361 1194
3825 4375
5237 9240
5230 6428
1418 6240
5313 2712
7279 3586
8208 3835
5298 7341
2888 9448
346 2704
6374 9178
2973 9124
8725 9876
9116 3974
8848 8829
1520 9025
9556 6757
8265 4787
9537 6036
1027 4850
5100 8306
4788 3308
8493 6438
649 1381
2239 7347
438 8613
2877 9763
4089 7954
9639 9557
1928 8488
4738 3448
7513 4295
6557 2131
9082 6095
4519 6461
7297 9619
4767 2086
2927 3261
8524 9928
994 763
3628 1432
5729 6505
1195 9818
4460 835
9376 2740
5675 4114
2541 9540
8409 9098
1671 3843
5193 6190
304 8843
2161 1424
929 5088
1037 5805
1369 2031
2921 1349
9816 8650
7854 1011
4820 8666
8198 4196
7759 225
4663 300
9766 9424
9398 7789
3268 944
332 9924
9787 2493
1348 7068
3934 2385
9225 1655
769 2146
3004 585
7148 7210
7948 1969
2229 2499
2517 9988
9076 7180
288 5194
6605 6038
2984 6225
3334 9668
6149 9473
8513 3850
6541 2447
6235 2119
454 3356
617 3458
293 7766
669 4594
6087 2898
3445 4956
9238 2521
2137 9526
4068 5094
1916 3404
7671 5251
3072 3820
1076 7937
7670 3970
6737 258
6089 7191
9966 6706
650 6612
824 7671
1206 3263
6921 1003
8220 6159
9876 6709
2037 3944
8155 3953
7348 5826
5556 6772
5998 6633
4710 21
6955 1447
6631 3044
4990 6597
6102 1992
3209 3279
9663 767
6542 2936
1770 1114
9095 1647
7823 7484
1943 5978
1438 9292
8156 3346
2416 4155
6331 7126
4176 3286
4925 807
2682 9916
3756 8785
1908 3318
2064 7924
4085 4958
860 2208
6073 6308
207 3896
3792 2150
6227 1582
7794 4383
1281 211
8538 7612
3689 9066
899 4967
6225 9933
4883 9982
8718 3143
9652 7134
7419 3737
2093 4632
2297 8166
940 2504
8414 1084
4655 4641
2667 2449
9025 3948
2660 3915
7912 2702
2982 5163
7669 5559
5097 8904
1893 3815
8399 1545
7302 5819
1635 9395
6803 3932
7561 7743
6437 5975
5179 7444
6969 4198
9893 5994
4498 8906
9909 2411
7960 9243
7574 5629
4803 9023
4533 6696
2839 9284
8242 6493
1455 6229
5888 8258
161 9801
2353 2950
2128 7533
394 9097
1731 6640
1443 6230
1898 7705
4993 9858
6948 8919
5487 8103
7943 6372
1152 7134
5656 5746
3627 7112
1975 9515
1722 2136
5668 4076
1439 7796
1609 1833
3246 9692
4825 4689
2274 6723
2394 7267
6581 5695
6187 8420
3798 482
4792 4950
7616 6801
696 1243
265 9023
7110 1987
7512 2778
6063 8951
574 4024
7136 3820
69 1962
4862 2343
5037 7256
5963 1619
9303 8502
39 3102
8984 1184
4404 6600
4337 1453
7843 954
476 4953
2941 4340
4083 5357
3291 4657
5733 6780
4830 5802
8742 9692
8146 3779
3300 461
1750 2604
8963 8142
2058 4299
5678 2814
899 15
4267 5094
969 1096
6399 262
5436 482
5619 5080
1491 1353
1860 2673
3507 6954
8717 8005
7085 2018
8466 5188
974 3781
3330 9384
8080 5360
2198 8979
5375 6466
425 2696
3914 6824
2958 5702
3658 4930
782 5150
2635 8994
7823 2494
2300 2893
500 5738
4911 8966
926 2237
2748 608
1621 828
5968 171
6160 7695
2989 6585
391 6903
9762 9701
2606 3420
983 9740
4922 9970
5087 2746
2465 3739
5639 9317
9477 6902
8283 6755
5491 7383
7363 3464
4564 9683
3635 724
7378 6625
3661 4121
3528 3423
175 2486
3196 7510
8579 8118
3833 18
7216 2650
3757 9207
1967 9587
2461 6602
6342 7952
3986 58
7768 8550
9741 1404
5626 3472
8029 9287
3945 7909
9063 472
6748 2259
4335 1679
6729 8168
1697 3946
7170 1806
3153 9137
1393 5615
5739 7736
9919 9725
7794 7688
4627 3887
5444 253
3711 9825
5893 4009
4086 1308
4481 834
3567 8816
8865 6648
3336 562
594 506
2369 100
5995 114
5715 1735
7850 1986
7812 1996
6026 8792
5884 1470
5397 5947
1295 1290
9956 5382
8950 4438
2568 2517
9606 1434
9166 9295
8348 6112
6153 7069
6212 2149
7184 8279
236 1386
6618 8048
3383 2644
3192 5619
4115 8590
7918 1762
6232 7875
3496 5183
8665 2417
7700 4623
3851 3218
3918 8551
5683 72
1973 1895
8573 5509
6527 8809
6895 3145
6857 6630
5789 50
8601 6256
4992 6520
8019 1224
4395 7867
6407 9412
284 460
4035 487
30 7954
9039 5713
4378 7364
3961 2951
2873 488
8112 6120
3633 1321
2751 5774
7723 1352
2031 2715
4224 6402
3940 8619
4269 347
8031 906
7159 8419
1393 7190
2725 6784
2903 7103
4148 6864
6406 3373
3704 4518
9494 7337
2191 2245
3112 9915
9949 1495
2630 4174
7897 2922
9145 8518
9622 3529
9424 6781
1948 7170
3971 4673
3954 3227
8128 4455
91 4534
7828 148
5404 3674
7485 7595
2271 6949
7510 2221
8444 6493
2747 2693
9415 1892
1212 9037
5421 636
5819 7369
4158 6142
2042 8113
9369 170
8920 5813
1056 3100
5961 2812
6775 9798
6760 9046
6748 4270
7619 1544
7115 366
4238 6531
2259 1802
1920 4032
8790 7739
1402 2949
3882 9796
7414 9603
6319 6334
5416 3727
5786 1377
6540 8913
1176 9652
4312 4276
3922 1931
5820 7390
8650 6410
3921 7261
8212 2193
1293 7003
6285 9047
9952 6519
5196 3718
6122 7867
52 1539
1594 2190
9268 4486
1104 444
4138 1768
1072 4413
3699 3245
1803 8701
6007 2076
5962 4220
4269 7256
7575 6906
6303 3879
3425 1499
7597 9548
5718 4001
7439 7313
6191 6707
8151 3647
3504 8642
5415 4576
9407 5467
4173 7562
4168 181
9638 131
4401 259
3739 8328
7166 6394
2207 6943
7894 9804
6491 9964
157 3930
3629 6348
6990 1781
6348 494
6775 8115
1422 6182
3582 5596
3744 4103
5777 9734
586 6530
6345 4325
4858 9863
719 3417
6807 4965
3221 9650
4930 9730
9933 8559
6078 6923
6692 8778
7417 3467
6894 5191
6001 476
787 6097
931 6564
5831 1517
9446 8529
5842 4304
8392 2914
7721 5199
7879 7294
1202 2809
7024 1135
7721 9455
8058 765
8233 1827
4233 5127
7018 6586
1956 4158
2684 2887
722 4867
4405 6521
3396 6599
825 8141
9513 4899
3340 7393
2193 4542
6554 5570
2029 627
5025 87
1393 9610
8266 1978
4738 1637
8564 3046
5795 7600
5933 2869
2468 6690
9390 2216
3290 216
357 2803
1467 50
6548 12
944 9455
5582 2974
82 607
3061 1475
218 7680
9805 1308
9317 8370
4354 5112
2322 6639
7981 1142
3330 7372
3359 6620
3940 68
5775 1759
118 2324
1771 1063
1779 7354
389 8213
4313 9802
6041 883
7482 5846
2191 6799
568 2897
8263 2891
9537 6245
4033 2867
9969 3744
9487 261
3813 5262
2020 283
3938 143
7698 2069
7497 8087
283 8163
4242 6324
9046 1724
8522 7590
4876 9091
487 3139
8334 6376
5736 8719
9243 2057
8816 5082
8670 2629
6697 690
9264 6987
7186 3315
9057 4683
7754 9340
2846 1996
2016 8245
3721 6890
5835 4949
5981 2674
4440 667
9051 177
9387 4646
2234 8203
9729 7257
7184 2778
7947 2800
9765 1485
6115 8822
6169 3870
4514 5367
5866 2882
3612 5939
9773 9447
7240 2106
2122 1681
2774 1173
1858 8513
5819 444
6716 1900
7701 252
1030 2001
3052 796
3486 9168
5970 6007
9390 6837
1375 1608
9719 1339
7548 5844
787 1140
7951 9261
2821 725
6786 1031
9238 8957
1476 2306
7210 5529
2558 8240
3882 1962
9036 3721
7482 1359
9728 6872
8196 7455
8481 4267
8795 2381
112 5934
3521 4415
5195 2695
1492 8333
3726 730
7290 5202
9388 852
7084 8298
9093 966
260 4481
4687 4095
5840 768
967 388
8223 5800
1008 7018
4533 1120
2952 8055
1887 4499
750 3379
9184 4476
461 2827
6031 9849
3679 3115
4499 2772
433 1111
3606 1473
5206 5798
2241 6174
6187 464
8326 3547
3835 2860
4667 3139
915 2906
7639 8017
6285 6823
8845 6746
9650 1228
2947 9682
695 7446
2454 1129
8557 6060
2602 116
1859 4843
2642 4398
1659 968
7945 5494
3828 8964
8634 1095
1870 2625
5464 4507
5800 4310
1253 1803
5538 552
1485 2586
7998 291
3715 2907
6352 2669
9375 4563
3864 2017
5313 5523
2986 9610
1018 6814
4926 6004
4262 3148
8629 9726
7655 4429
388 5260
6232 2279
5812 4069
4865 162
4361 4932
3069 713
7601 8797
1628 1465
814 3293
3340 3800
2903 710
6967 7829
6714 1229
977 5343
7307 4984
6125 7696
244 8709
9975 6056
2779 1192
6218 7140
6124 5639
4205 3725
4436 2185
1542 5251
5478 4882
5403 4733
5593 8722
8914 2307
6303 6243
4003 3611
1227 128
7659 1471
5189 7634
3879 7968
5178 6449
5108 1302
2088 9313
5027 2877
7850 2921
4480 3328
7803 6235
8061 9748
4958 3327
8408 1261
9570 2411
1224 7149
8891 8883
8620 4080
2869 8851
8401 8047
5300 9861
9349 3741
5527 728
2970 3377
3649 3802
6706 7805
37 1119
3905 1347
4447 2313
8961 369
4724 185
7519 9967
9069 2491
400 1938
1343 8801
6338 2995
5014 5687
3088 541
2768 6058
3919 2769
6212 625
574 6250
8096 4480
3949 8895
3145 2910
9265 7870
3096 6784
4189 8517
9275 941
6807 6970
6094 3145
6318 1109
5185 9406
1650 7953
1817 5569
722 4381
2546 7649
6983 643
8481 933
9538 1626
3843 5155
5848 3291
1939 6390
1808 7567
7331 8616
889 3426
8113 3559
4535 3298
2966 2537
7603 1135
8107 4678
5516 653
8679 2500
7648 7160
3433 3539
5138 3628
8694 7339
6920 6986
3729 5080
905 7412
48 8146
838 8162
1706 1725
1460 1024
4263 5416
2159 8722
94 4027
5727 8773
2879 3376
2285 6312
3267 7423
6293 8313
4762 9565
1651 4843
4645 2556
2256 4694
7055 3094
2856 8761
1172 668
9785 1787
6084 8296
509 6178
8675 6236
1303 1555
5964 3588
4219 5583
1012 512
3897 2126
77 5548
6970 1075
4457 9226
5769 1512
8672 4977
6625 6196
5645 2762
7983 8082
1058 4844
612 9733
7433 1916
7640 9749
1856 1860
5333 9220
2372 5582
1347 8802
1130 4669
9877 1939
247 1998
9803 5271
6975 6428
1468 8972
9190 5803
3406 6600
648 4019
2686 8081
2287 326
7830 4143
2186 3163
3364 911
5097 1063
9713 2580
5732 5942
4519 2331
7940 4323
7602 1267
7103 9070
6591 6294
1226 9998
9246 1874
369 1932
9955 2656
2259 7785
3151 4445
7301 6515
1708 8750
7578 1421
1330 9662
7363 5850
1993 1655
6525 9596
9274 3628
5018 5866
6274 6244
2216 5521
8118 8937
3805 4425
1593 6064
8563 1096
6862 2216
7612 8570
966 1542
6344 2297
1205 59
4499 9550
1715 7376
9146 989
7356 517
3207 3631
3113 1775
5504 7584
712 9309
2009 8657
1726 572
9754 8588
9140 3718
3510 107
5260 9854
8756 2817
9914 3255
2368 7981
6983 7866
5322 4339
8383 8530
4322 1497
305 6178
9081 7370
5488 7442
6027 7214
4367 5781
2154 3507
9499 2016
9966 1112
1871 8722
281 8137
8329 2649
2470 5312
516 7792
6004 5251
2674 326
3100 9332
6505 8533
6702 8345
5976 2729
1911 343
4863 4065
202 714
2433 169
8178 4304
5243 8460
8793 9925
1109 1263
1589 7977
9056 7593
9581 8082
4272 2681
7414 777
1215 4116
5474 3543
3198 7385
238 8061
7802 440
5127 235
6961 3306
4540 8557
1766 9685
8482 9227
949 6423
7205 6357
4017 6786
4439 8289
5819 1854
5418 3386
2322 892
6929 5520
8277 7167
9933 6079
3960 5061
6314 7273
4719 7206
2182 6485
3244 7016
5712 545
3440 9269
6902 3809
2407 7693
2098 4579
5899 3868
7965 8222
4760 4895
94 9389
8414 28
1820 8726
1441 8134
6000 6160
1693 4534
2645 1289
1551 4709
1834 4991
331 8736
8800 9090
2781 7250
3669 8681
1118 1635
6903 2230
2882 6997
1619 1296
3377 3439
23 4818
7925 2375
978 5970
6909 9975
7259 4812
4685 9093
6155 1368
4181 1307
458 6963
