10000
0 1390
1 77
2 6365
3 4266
4 1391
5 9807
6 0
7 4267
8 3383
9 6577
10 9662
11 78
12 3632
13 4268
14 7772
15 79
16 4269
17 4270
18 1392
19 5389
20 6578
21 80
22 3633
23 4271
24 9663
25 9678
26 1393
27 81
28 3634
29 1
30 7079
31 4835
32 1394
33 82
34 8945
35 7876
36 1395
37 3635
38 6060
39 9775
40 1396
41 9484
42 8431
43 8138
44 1397
45 6955
46 83
47 3636
48 8928
49 84
50 9557
51 4272
52 1398
53 6366
54 7734
55 1399
56 3637
57 7220
58 85
59 3384
60 9151
61 86
62 3385
63 4836
64 6579
65 1400
66 87
67 9766
68 4273
69 1401
70 7735
71 9055
72 88
73 3638
74 4274
75 6061
76 89
77 9066
78 9161
79 1402
80 90
81 9618
82 4837
83 1403
84 3639
85 5072
86 6711
87 91
88 4275
89 4276
90 1404
91 8175
92 7592
93 1405
94 9679
95 92
96 4277
97 4278
98 1406
99 5390
100 5073
101 1407
102 9016
103 6858
104 1408
105 3640
106 8110
107 93
108 3386
109 4838
110 5391
111 1409
112 7221
113 7520
114 94
115 5392
116 9001
117 1410
118 8475
119 8476
120 1411
121 5393
122 7593
123 1412
124 95
125 7594
126 5394
127 1413
128 8276
129 7913
130 1414
131 5395
132 6859
133 1415
134 8656
135 8657
136 1416
137 6860
138 7475
139 9558
140 1417
141 8350
142 96
143 97
144 6062
145 7914
146 1418
147 8549
148 8550
149 1419
150 3641
151 6861
152 7736
153 9399
154 98
155 5396
156 4279
157 1420
158 6712
159 6713
160 1421
161 5397
162 5398
163 1422
164 8194
165 99
166 3387
167 6367
168 100
169 4280
170 9417
171 101
172 8470
173 102
174 4281
175 5399
176 1423
177 6063
178 7680
179 8783
180 1424
181 6368
182 8043
183 103
184 3642
185 4282
186 8663
187 104
188 9389
189 4283
190 1425
191 8494
192 6369
193 1426
194 3643
195 7222
196 8066
197 1427
198 3644
199 8816
200 105
201 4284
202 4285
203 1428
204 5400
205 5074
206 1429
207 3645
208 7080
209 8884
210 1430
211 106
212 7915
213 4839
214 1431
215 3646
216 8371
217 1432
218 6956
219 5075
220 1433
221 7801
222 8998
223 1434
224 5401
225 5402
226 1435
227 9856
228 9827
229 107
230 2
231 6714
232 3552
233 1436
234 4286
235 5076
236 9477
237 9446
238 1437
239 5403
240 6862
241 1438
242 108
243 7521
244 8135
245 1439
246 109
247 4287
248 4288
249 1440
250 5404
251 5077
252 1441
253 5405
254 6064
255 1442
256 6787
257 8711
258 110
259 3647
260 4289
261 6065
262 9703
263 111
264 112
265 3
266 1385
267 1443
268 1444
269 3582
270 6580
271 1445
272 3648
273 5078
274 8044
275 113
276 3649
277 6957
278 8441
279 1446
280 9360
281 114
282 3388
283 3650
284 5060
285 115
286 4290
287 4291
288 1447
289 7737
290 9400
291 1448
292 3651
293 6863
294 9162
295 116
296 5406
297 4840
298 1449
299 3652
300 9240
301 9229
302 1450
303 5407
304 5408
305 1451
306 8000
307 117
308 4841
309 4842
310 1452
311 3653
312 5079
313 6788
314 1453
315 118
316 8688
317 4292
318 1454
319 7681
320 7682
321 1455
322 6864
323 5409
324 1456
325 9619
326 119
327 8018
328 4
329 1386
330 1457
331 3580
332 3389
333 120
334 5061
335 5045
336 1458
337 3654
338 5080
339 5410
340 121
341 4843
342 4844
343 1459
344 3655
345 9219
346 7443
347 1460
348 122
349 6370
350 4293
351 1461
352 8336
353 8386
354 1462
355 6066
356 5081
357 123
358 7476
359 8045
360 1463
361 124
362 8147
363 7223
364 1464
365 125
366 6581
367 4845
368 1465
369 3656
370 9982
371 8709
372 1466
373 126
374 6371
375 4294
376 1467
377 9198
378 7738
379 127
380 4295
381 128
382 6067
383 6068
384 1468
385 8372
386 9098
387 129
388 130
389 7522
390 6958
391 3583
392 131
393 7916
394 132
395 3390
396 3657
397 9187
398 133
399 4296
400 4297
401 1469
402 8446
403 6372
404 7523
405 1470
406 8067
407 8068
408 1471
409 3658
410 5082
411 6582
412 134
413 4846
414 4847
415 1472
416 3659
417 8612
418 135
419 4848
420 7224
421 1473
422 3660
423 8772
424 9834
425 136
426 5
427 6848
428 3553
429 1474
430 4849
431 5083
432 1475
433 5411
434 5084
435 1476
436 5412
437 6069
438 1477
439 6070
440 6865
441 1478
442 9163
443 9147
444 1479
445 6
446 7595
447 4850
448 1480
449 3661
450 9176
451 8373
452 9284
453 137
454 3391
455 4851
456 5413
457 1481
458 7225
459 9048
460 1482
461 9223
462 6071
463 1483
464 3662
465 7739
466 138
467 3392
468 3663
469 9401
470 9869
471 1484
472 7403
473 139
474 4298
475 4299
476 1485
477 5414
478 5085
479 1486
480 5415
481 140
482 3393
483 9361
484 141
485 7336
486 142
487 3394
488 5062
489 143
490 4300
491 4301
492 1487
493 6789
494 6790
495 1488
496 6072
497 6073
498 1489
499 3664
500 8295
501 144
502 4302
503 4303
504 1490
505 5416
506 5086
507 1491
508 9285
509 6583
510 1492
511 5417
512 9427
513 1493
514 8403
515 7954
516 1494
517 5418
518 5419
519 1495
520 7226
521 7596
522 1496
523 8288
524 5420
525 1497
526 8613
527 8614
528 1498
529 6959
530 5087
531 1499
532 8442
533 8436
534 1500
535 7524
536 5088
537 145
538 8148
539 3665
540 1501
541 8149
542 5421
543 1502
544 6960
545 9970
546 146
547 147
548 9843
549 4304
550 1503
551 7081
552 148
553 4305
554 8231
555 1504
556 9734
557 9620
558 3666
559 149
560 8745
561 1505
562 5422
563 5423
564 1506
565 8457
566 8447
567 1507
568 5424
569 5425
570 1508
571 8924
572 150
573 8548
574 6074
575 1509
576 151
577 8808
578 7525
579 5089
580 1510
581 9087
582 152
583 7917
584 3667
585 6373
586 153
587 4306
588 4307
589 1511
590 9241
591 9631
592 154
593 4852
594 3668
595 155
596 6961
597 8477
598 1512
599 3669
600 9647
601 8939
602 156
603 157
604 8315
605 4308
606 1513
607 6962
608 8029
609 3584
610 158
611 7835
612 5426
613 1514
614 9128
615 9119
616 3670
617 159
618 7082
619 7083
620 1515
621 5427
622 8222
623 1516
624 160
625 4309
626 4310
627 1517
628 5428
629 5090
630 1518
631 3671
632 6374
633 6963
634 1519
635 7683
636 7684
637 1520
638 6964
639 5091
640 1521
641 7802
642 8504
643 1522
644 161
645 4311
646 4312
647 1523
648 5429
649 9362
650 1524
651 7084
652 7085
653 1525
654 5092
655 8098
656 162
657 3395
658 5430
659 9757
660 163
661 9276
662 7526
663 6965
664 1526
665 164
666 6375
667 4313
668 1527
669 8631
670 8632
671 1528
672 9310
673 5431
674 1529
675 7597
676 7598
677 1530
678 3672
679 6584
680 165
681 4314
682 4315
683 1531
684 9067
685 7955
686 166
687 3673
688 9068
689 6966
690 1532
691 8238
692 1533
693 3674
694 9537
695 167
696 168
697 9512
698 6075
699 1534
700 3675
701 7836
702 7956
703 3585
704 169
705 7477
706 4316
707 1535
708 6076
709 6077
710 1536
711 9559
712 9829
713 170
714 3676
715 4317
716 7227
717 171
718 3396
719 9230
720 4853
721 172
722 3397
723 8111
724 9560
725 1537
726 6078
727 6866
728 173
729 3677
730 7228
731 7599
732 1538
733 174
734 8507
735 175
736 4318
737 4319
738 1539
739 5432
740 5093
741 1540
742 5433
743 7527
744 1541
745 1542
746 7813
747 6079
748 176
749 3398
750 8239
751 8163
752 1543
753 177
754 6967
755 9099
756 178
757 179
758 9079
759 3678
760 8923
761 9673
762 1544
763 6867
764 5434
765 1545
766 7600
767 7601
768 1546
769 5094
770 9680
771 9832
772 1547
773 5435
774 5436
775 1548
776 9428
777 7
778 4320
779 3554
780 1549
781 6376
782 7404
783 3586
784 180
785 7478
786 4321
787 1550
788 8112
789 181
790 3679
791 6080
792 7685
793 1551
794 182
795 7686
796 4322
797 1552
798 9088
799 5437
800 183
801 9494
802 4323
803 1553
804 6081
805 7877
806 1554
807 184
808 5095
809 9177
810 185
811 4324
812 5438
813 1555
814 7687
815 7688
816 1556
817 5439
818 8685
819 1557
820 6968
821 186
822 9749
823 8
824 3399
825 3555
826 9674
827 187
828 4325
829 6585
830 1558
831 188
832 6586
833 4326
834 1559
835 9286
836 6791
837 189
838 4327
839 4328
840 1560
841 8357
842 7602
843 1561
844 9418
845 190
846 3400
847 6082
848 8240
849 1562
850 191
851 8495
852 6969
853 5096
854 1563
855 7814
856 8069
857 3587
858 192
859 3401
860 8796
861 9342
862 193
863 6377
864 3680
865 194
866 6970
867 3681
868 9311
869 9847
870 1564
871 5440
872 5441
873 1565
874 6378
875 8215
876 1566
877 195
878 4329
879 4330
880 1567
881 5442
882 8593
883 1568
884 7229
885 8775
886 196
887 6083
888 3682
889 197
890 8810
891 198
892 4331
893 4332
894 1569
895 7405
896 5097
897 199
898 8289
899 3683
900 200
901 6084
902 3684
903 8724
904 9287
905 201
906 202
907 3685
908 8046
909 7815
910 1570
911 7086
912 5098
913 203
914 9288
915 4333
916 1571
917 9478
918 204
919 4854
920 4855
921 1572
922 3686
923 5099
924 9908
925 4334
926 205
927 3402
928 7460
929 206
930 3403
931 5063
932 207
933 4335
934 4336
935 1573
936 6715
937 6716
938 1574
939 3687
940 9429
941 9690
942 1575
943 5443
944 5444
945 1576
946 9573
947 6379
948 1577
949 7816
950 8498
951 1578
952 208
953 8358
954 5445
955 1579
956 7878
957 7879
958 1580
959 5446
960 6868
961 1581
962 7087
963 8950
964 209
965 210
966 9632
967 8241
968 1582
969 3688
970 5100
971 7957
972 211
973 5447
974 4337
975 1583
976 6717
977 6718
978 1584
979 3689
980 5101
981 9892
982 9683
983 212
984 213
985 8624
986 7088
987 5448
988 1585
989 214
990 6085
991 8150
992 8780
993 1586
994 215
995 7528
996 9849
997 1587
998 5449
999 9343
1000 1588
1001 5102
1002 9978
1003 9790
1004 1589
1005 5103
1006 7529
1007 216
1008 3404
1009 8829
1010 9595
1011 1590
1012 6086
1013 5104
1014 217
1015 9687
1016 9152
1017 7803
1018 1591
1019 218
1020 7089
1021 5450
1022 1592
1023 8547
1024 8132
1025 1593
1026 5451
1027 5452
1028 1594
1029 6719
1030 6720
1031 1595
1032 5453
1033 5454
1034 1596
1035 6815
1036 6816
1037 1597
1038 3690
1039 5105
1040 9761
1041 9312
1042 219
1043 4338
1044 4339
1045 1598
1046 9140
1047 5106
1048 220
1049 6380
1050 4340
1051 1599
1052 7603
1053 7604
1054 1600
1055 5455
1056 8195
1057 1601
1058 221
1059 8196
1060 4341
1061 1602
1062 6381
1063 7804
1064 1603
1065 3691
1066 8451
1067 9727
1068 222
1069 4856
1070 4857
1071 1604
1072 3692
1073 5107
1074 6792
1075 223
1076 4342
1077 5456
1078 1605
1079 7605
1080 1606
1081 8556
1082 224
1083 4343
1084 6587
1085 1607
1086 225
1087 6971
1088 3693
1089 226
1090 7606
1091 8337
1092 3588
1093 227
1094 8323
1095 4344
1096 1608
1097 7230
1098 5457
1099 228
1100 7090
1101 4345
1102 1609
1103 7988
1104 229
1105 4858
1106 4859
1107 1610
1108 3694
1109 5108
1110 5109
1111 9888
1112 230
1113 231
1114 3405
1115 8242
1116 4346
1117 232
1118 6087
1119 9949
1120 233
1121 234
1122 9903
1123 4860
1124 1611
1125 3695
1126 6382
1127 7091
1128 1612
1129 235
1130 9928
1131 9873
1132 5110
1133 1613
1134 9231
1135 9479
1136 1614
1137 8019
1138 8533
1139 1615
1140 9742
1141 236
1142 9538
1143 3696
1144 237
1145 7092
1146 5458
1147 1616
1148 8164
1149 8753
1150 1617
1151 5111
1152 5459
1153 7479
1154 8572
1155 1618
1156 238
1157 3406
1158 5046
1159 7918
1160 1619
1161 3697
1162 8964
1163 239
1164 6088
1165 3698
1166 1620
1167 7689
1168 240
1169 4347
1170 5460
1171 1621
1172 241
1173 9
1174 8232
1175 3578
1176 242
1177 3407
1178 4861
1179 10
1180 1387
1181 7231
1182 3556
1183 243
1184 8176
1185 244
1186 4348
1187 245
1188 6089
1189 7093
1190 1622
1191 246
1192 7406
1193 9089
1194 1623
1195 3699
1196 5112
1197 8900
1198 247
1199 4349
1200 4350
1201 1624
1202 5461
1203 5113
1204 1625
1205 5462
1206 6869
1207 1626
1208 3700
1209 7337
1210 248
1211 8070
1212 4862
1213 1627
1214 3701
1215 8921
1216 249
1217 3408
1218 4863
1219 8277
1220 1628
1221 6383
1222 5463
1223 250
1224 9863
1225 9178
1226 1629
1227 6090
1228 6091
1229 1630
1230 3702
1231 6850
1232 7958
1233 9199
1234 251
1235 6092
1236 4351
1237 1631
1238 8580
1239 7094
1240 1632
1241 9791
1242 9153
1243 1633
1244 6093
1245 6094
1246 1634
1247 3703
1248 7461
1249 8221
1250 1635
1251 5464
1252 5465
1253 1636
1254 6588
1255 6589
1256 1637
1257 3704
1258 6793
1259 252
1260 4352
1261 4353
1262 1638
1263 9141
1264 9778
1265 8165
1266 1639
1267 5466
1268 5467
1269 1640
1270 9574
1271 253
1272 4354
1273 4355
1274 1641
1275 5468
1276 5114
1277 1642
1278 3705
1279 6721
1280 8411
1281 1643
1282 5469
1283 254
1284 9750
1285 7607
1286 1644
1287 255
1288 8151
1289 1645
1290 6095
1291 5115
1292 256
1293 9313
1294 257
1295 258
1296 6590
1297 4356
1298 1646
1299 7919
1300 5470
1301 259
1302 7880
1303 4357
1304 1647
1305 6972
1306 11
1307 3409
1308 9266
1309 260
1310 3410
1311 3706
1312 5064
1313 261
1314 4358
1315 4359
1316 1648
1317 6722
1318 6723
1319 1649
1320 3707
1321 8257
1322 8716
1323 1650
1324 9188
1325 5471
1326 1651
1327 7690
1328 8986
1329 262
1330 263
1331 6384
1332 4360
1333 1652
1334 7232
1335 7233
1336 1653
1337 3708
1338 8499
1339 264
1340 6385
1341 3709
1342 265
1343 6973
1344 4361
1345 1654
1346 9328
1347 266
1348 4362
1349 267
1350 3411
1351 6591
1352 8316
1353 1655
1354 3710
1355 7608
1356 268
1357 8514
1358 4363
1359 1656
1360 8893
1361 8919
1362 269
1363 3711
1364 6096
1365 7095
1366 1657
1367 9453
1368 9988
1369 270
1370 3712
1371 6097
1372 7609
1373 1658
1374 8786
1375 271
1376 5472
1377 4364
1378 1659
1379 6724
1380 6725
1381 1660
1382 3713
1383 5116
1384 7740
1385 7610
1386 1661
1387 6098
1388 9640
1389 272
1390 3714
1391 8258
1392 273
1393 3412
1394 7096
1395 274
1396 3715
1397 9539
1398 8999
1399 1662
1400 6099
1401 6100
1402 1663
1403 3716
1404 6592
1405 9430
1406 1664
1407 275
1408 9864
1409 276
1410 4864
1411 4865
1412 1665
1413 3717
1414 5117
1415 6794
1416 1666
1417 277
1418 6593
1419 4365
1420 1667
1421 9881
1422 9706
1423 8577
1424 1668
1425 3718
1426 6386
1427 9189
1428 1669
1429 3719
1430 7611
1431 8268
1432 1670
1433 5473
1434 8713
1435 1671
1436 12
1437 8828
1438 278
1439 5474
1440 4366
1441 1672
1442 7444
1443 7445
1444 1673
1445 5475
1446 6870
1447 1674
1448 7234
1449 7235
1450 1675
1451 3720
1452 8013
1453 279
1454 3413
1455 5065
1456 280
1457 4367
1458 4368
1459 1676
1460 7338
1461 7339
1462 1677
1463 5476
1464 8443
1465 1678
1466 1679
1467 8658
1468 8583
1469 5477
1470 1680
1471 281
1472 7612
1473 282
1474 9957
1475 3721
1476 283
1477 9154
1478 8627
1479 1681
1480 6871
1481 6872
1482 3589
1483 8030
1484 8455
1485 284
1486 4369
1487 4370
1488 1682
1489 5478
1490 5118
1491 1683
1492 5479
1493 7407
1494 1684
1495 285
1496 7530
1497 5480
1498 3590
1499 7920
1500 286
1501 287
1502 9037
1503 4371
1504 1685
1505 9155
1506 9142
1507 6873
1508 1686
1509 9621
1510 9857
1511 1687
1512 8152
1513 5481
1514 1688
1515 9523
1516 9904
1517 1689
1518 288
1519 4372
1520 4373
1521 1690
1522 5482
1523 5119
1524 1691
1525 6594
1526 6595
1527 1692
1528 8855
1529 5120
1530 289
1531 7480
1532 5483
1533 1693
1534 9209
1535 8233
1536 1694
1537 8974
1538 5121
1539 290
1540 7531
1541 5484
1542 1695
1543 8803
1544 8551
1545 8802
1546 1696
1547 5485
1548 5486
1549 1697
1550 7881
1551 291
1552 9344
1553 4374
1554 292
1555 9002
1556 7097
1557 1698
1558 9252
1559 5122
1560 293
1561 8278
1562 4375
1563 1699
1564 6101
1565 6874
1566 1700
1567 294
1568 7785
1569 295
1570 5487
1571 4376
1572 1701
1573 7408
1574 7409
1575 1702
1576 7805
1577 5488
1578 1703
1579 7098
1580 7099
1581 1704
1582 3722
1583 9575
1584 296
1585 297
1586 4377
1587 4378
1588 1705
1589 5489
1590 5123
1591 1706
1592 7340
1593 298
1594 5490
1595 3723
1596 9431
1597 299
1598 8177
1599 7613
1600 1707
1601 300
1602 7691
1603 3724
1604 301
1605 5491
1606 9277
1607 1708
1608 5492
1609 7341
1610 1709
1611 302
1612 7410
1613 4866
1614 1710
1615 3725
1616 5124
1617 9041
1618 9947
1619 1711
1620 3726
1621 7236
1622 9540
1623 303
1624 5493
1625 3727
1626 9112
1627 9363
1628 1712
1629 6102
1630 6103
1631 1713
1632 3728
1633 6795
1634 7481
1635 1714
1636 3729
1637 5125
1638 9113
1639 8510
1640 1715
1641 3730
1642 7100
1643 7482
1644 1716
1645 5126
1646 9396
1647 304
1648 6974
1649 1717
1650 8047
1651 5127
1652 305
1653 8048
1654 4379
1655 1718
1656 8387
1657 7237
1658 9090
1659 1719
1660 5494
1661 5495
1662 1720
1663 8526
1664 8527
1665 1721
1666 3731
1667 6104
1668 7532
1669 1722
1670 306
1671 7101
1672 3732
1673 7921
1674 307
1675 4380
1676 308
1677 6105
1678 6975
1679 1723
1680 13
1681 9876
1682 3557
1683 309
1684 9021
1685 4867
1686 1724
1687 8827
1688 7102
1689 1725
1690 3733
1691 7837
1692 8301
1693 1726
1694 5128
1695 9576
1696 310
1697 3734
1698 4381
1699 6106
1700 311
1701 7882
1702 7922
1703 1727
1704 3735
1705 5129
1706 7103
1707 9485
1708 312
1709 5496
1710 4868
1711 1728
1712 3736
1713 8767
1714 313
1715 4382
1716 4383
1717 1729
1718 5497
1719 5130
1720 1730
1721 7462
1722 6387
1723 1731
1724 3737
1725 9959
1726 8832
1727 314
1728 4384
1729 4385
1730 1732
1731 6875
1732 315
1733 4386
1734 4387
1735 1733
1736 5498
1737 5131
1738 1734
1739 5499
1740 6107
1741 1735
1742 6108
1743 6109
1744 1736
1745 9009
1746 14
1747 6976
1748 3414
1749 15
1750 9377
1751 316
1752 4388
1753 4389
1754 1737
1755 5500
1756 5132
1757 1738
1758 5501
1759 6110
1760 1739
1761 8471
1762 7468
1763 9561
1764 3591
1765 317
1766 9920
1767 5502
1768 1740
1769 7533
1770 318
1771 4869
1772 9220
1773 1741
1774 3738
1775 8861
1776 1742
1777 3739
1778 7614
1779 16
1780 4390
1781 3558
1782 1743
1783 3740
1784 5133
1785 8204
1786 1744
1787 3741
1788 5134
1789 9010
1790 17
1791 4391
1792 8407
1793 1745
1794 7615
1795 8723
1796 1746
1797 3742
1798 5503
1799 9622
1800 319
1801 4392
1802 320
1803 6596
1804 6597
1805 1747
1806 3743
1807 5135
1808 9987
1809 321
1810 4393
1811 4394
1812 1748
1813 5504
1814 8219
1815 1749
1816 3744
1817 5136
1818 8561
1819 322
1820 4395
1821 4396
1822 1750
1823 6876
1824 6388
1825 3592
1826 6877
1827 9164
1828 8225
1829 9882
1830 323
1831 4397
1832 7238
1833 1751
1834 9577
1835 9437
1836 1752
1837 324
1838 5505
1839 6977
1840 8031
1841 1753
1842 8769
1843 8807
1844 325
1845 8552
1846 3745
1847 326
1848 9314
1849 5506
1850 1754
1851 18
1852 7616
1853 4398
1854 1755
1855 9495
1856 1756
1857 5507
1858 5508
1859 1757
1860 8423
1861 6726
1862 1758
1863 3746
1864 5137
1865 7989
1866 9648
1867 327
1868 5509
1869 4399
1870 1759
1871 7239
1872 7240
1873 1760
1874 5510
1875 8744
1876 1761
1877 328
1878 7411
1879 4400
1880 1762
1881 9039
1882 329
1883 5511
1884 4401
1885 1763
1886 6727
1887 330
1888 4402
1889 4403
1890 1764
1891 9948
1892 331
1893 4404
1894 4405
1895 1765
1896 6878
1897 7692
1898 332
1899 3415
1900 8880
1901 8511
1902 1766
1903 9267
1904 5512
1905 1767
1906 7483
1907 6978
1908 1768
1909 8973
1910 333
1911 334
1912 6111
1913 4406
1914 1769
1915 8205
1916 7342
1917 1770
1918 3747
1919 9232
1920 6389
1921 335
1922 3416
1923 3748
1924 9035
1925 9432
1926 4407
1927 336
1928 3417
1929 8001
1930 7741
1931 1771
1932 3749
1933 6112
1934 7534
1935 1772
1936 337
1937 7343
1938 4870
1939 1773
1940 3750
1941 9036
1942 9641
1943 1774
1944 5513
1945 5514
1946 1775
1947 7412
1948 7413
1949 1776
1950 5515
1951 7484
1952 1777
1953 7104
1954 7105
1955 1778
1956 3751
1957 9027
1958 9031
1959 1779
1960 6113
1961 6114
1962 1780
1963 3752
1964 7742
1965 7959
1966 1781
1967 6115
1968 6879
1969 1782
1970 3753
1971 8412
1972 9480
1973 1783
1974 8023
1975 6851
1976 9352
1977 9353
1978 1784
1979 3754
1980 5138
1981 7344
1982 338
1983 4408
1984 339
1985 6116
1986 6117
1987 1785
1988 7923
1989 340
1990 5516
1991 4871
1992 1786
1993 3755
1994 9454
1995 9743
1996 1787
1997 6880
1998 6881
1999 3593
2000 8014
2001 341
2002 4872
2003 4873
2004 1788
2005 3756
2006 5139
2007 5140
2008 1789
2009 6390
2010 6391
2011 1790
2012 6728
2013 9455
2014 1791
2015 3757
2016 5141
2017 8374
2018 342
2019 5517
2020 4874
2021 1792
2022 3758
2023 6598
2024 8706
2025 1793
2026 7743
2027 9833
2028 343
2029 5518
2030 4409
2031 1794
2032 6729
2033 6730
2034 1795
2035 5519
2036 5520
2037 1796
2038 9578
2039 9963
2040 344
2041 3418
2042 3759
2043 8813
2044 7106
2045 1797
2046 345
2047 8259
2048 3760
2049 8485
2050 346
2051 4410
2052 4411
2053 1798
2054 5521
2055 5142
2056 1799
2057 5522
2058 6118
2059 1800
2060 6392
2061 6119
2062 1801
2063 3761
2064 6817
2065 8901
2066 1802
2067 5523
2068 5524
2069 1803
2070 7806
2071 6599
2072 1804
2073 3762
2074 9042
2075 9731
2076 347
2077 4412
2078 4413
2079 1805
2080 5525
2081 5143
2082 1806
2083 5526
2084 5527
2085 9861
2086 8015
2087 348
2088 4414
2089 4415
2090 1807
2091 5528
2092 5144
2093 1808
2094 5529
2095 6120
2096 1809
2097 6882
2098 6121
2099 1810
2100 8545
2101 6393
2102 1811
2103 3763
2104 9589
2105 9810
2106 1812
2107 8243
2108 6394
2109 349
2110 4875
2111 4876
2112 1813
2113 3764
2114 9060
2115 9100
2116 1814
2117 3765
2118 9061
2119 350
2120 4416
2121 4417
2122 1815
2123 5530
2124 351
2125 3419
2126 6395
2127 9156
2128 352
2129 353
2130 9091
2131 4877
2132 1816
2133 3766
2134 7817
2135 9172
2136 9289
2137 5531
2138 1817
2139 354
2140 8804
2141 355
2142 356
2143 9844
2144 9247
2145 1818
2146 357
2147 5532
2148 7693
2149 8747
2150 1819
2151 8562
2152 5533
2153 1820
2154 7414
2155 7415
2156 1821
2157 5534
2158 5535
2159 1822
2160 6600
2161 6601
2162 1823
2163 3767
2164 9433
2165 358
2166 7883
2167 4418
2168 1824
2169 7107
2170 7108
2171 1825
2172 9364
2173 5145
2174 359
2175 5536
2176 4419
2177 1826
2178 7109
2179 8099
2180 3594
2181 1827
2182 8049
2183 5537
2184 1828
2185 8634
2186 7241
2187 1829
2188 5538
2189 5539
2190 1830
2191 8430
2192 360
2193 3420
2194 3768
2195 4878
2196 361
2197 6396
2198 9712
2199 362
2200 3769
2201 7617
2202 9524
2203 1831
2204 9841
2205 5540
2206 1832
2207 8050
2208 8051
2209 1833
2210 5541
2211 6883
2212 1834
2213 363
2214 9868
2215 19
2216 4420
2217 6602
2218 1835
2219 364
2220 6603
2221 4421
2222 1836
2223 6842
2224 6843
2225 1837
2226 5542
2227 5543
2228 1838
2229 6397
2230 6398
2231 1839
2232 9012
2233 20
2234 4422
2235 365
2236 6399
2237 6400
2238 1840
2239 3770
2240 7446
2241 366
2242 4423
2243 8052
2244 367
2245 6122
2246 6123
2247 1841
2248 9623
2249 9814
2250 1842
2251 8660
2252 6124
2253 1843
2254 3771
2255 9784
2256 8123
2257 368
2258 4424
2259 4425
2260 1844
2261 5544
2262 5146
2263 1845
2264 5545
2265 6125
2266 1846
2267 8478
2268 7242
2269 369
2270 3772
2271 5546
2272 9691
2273 9736
2274 370
2275 5547
2276 4879
2277 1847
2278 3773
2279 7694
2280 8596
2281 1848
2282 9898
2283 5548
2284 1849
2285 8730
2286 8406
2287 9779
2288 371
2289 3421
2290 4880
2291 7110
2292 1850
2293 8053
2294 372
2295 6401
2296 3774
2297 373
2298 9062
2299 4426
2300 374
2301 9460
2302 8535
2303 375
2304 3422
2305 4881
2306 9696
2307 1851
2308 376
2309 7447
2310 4427
2311 1852
2312 6126
2313 6127
2314 1853
2315 6604
2316 8752
2317 377
2318 3775
2319 8133
2320 9562
2321 1854
2322 6884
2323 5549
2324 1855
2325 7345
2326 7346
2327 1856
2328 5550
2329 5551
2330 1857
2331 7773
2332 7774
2333 1858
2334 3776
2335 6128
2336 9486
2337 1859
2338 9487
2339 8697
2340 1860
2341 3777
2342 6129
2343 9607
2344 1861
2345 7818
2346 7535
2347 1862
2348 9525
2349 5147
2350 378
2351 6885
2352 1863
2353 8317
2354 8024
2355 6979
2356 1864
2357 379
2358 8640
2359 4882
2360 1865
2361 3778
2362 9649
2363 380
2364 4883
2365 4884
2366 1866
2367 3779
2368 5148
2369 9579
2370 1867
2371 9148
2372 7618
2373 381
2374 382
2375 6130
2376 8636
2377 1868
2378 9488
2379 8413
2380 383
2381 3423
2382 4885
2383 9541
2384 1869
2385 6131
2386 9542
2387 384
2388 8054
2389 7536
2390 1870
2391 3780
2392 9828
2393 9762
2394 385
2395 5552
2396 4886
2397 1871
2398 3781
2399 9290
2400 9802
2401 7347
2402 386
2403 387
2404 4428
2405 4429
2406 1872
2407 8216
2408 5149
2409 1873
2410 6132
2411 6133
2412 1874
2413 9200
2414 8532
2415 9608
2416 388
2417 3424
2418 4887
2419 389
2420 6402
2421 6403
2422 1875
2423 3782
2424 7243
2425 1876
2426 8839
2427 390
2428 4430
2429 391
2430 8746
2431 6404
2432 1877
2433 3783
2434 7924
2435 9692
2436 1878
2437 3784
2438 7111
2439 7485
2440 1879
2441 5553
2442 9590
2443 1880
2444 8375
2445 8376
2446 1881
2447 6134
2448 5150
2449 392
2450 9769
2451 7838
2452 393
2453 8524
2454 3785
2455 394
2456 6135
2457 3786
2458 9942
2459 9201
2460 1882
2461 3787
2462 6136
2463 6980
2464 1883
2465 395
2466 8452
2467 396
2468 4888
2469 4889
2470 1884
2471 3788
2472 5151
2473 9406
2474 1885
2475 7839
2476 5554
2477 9354
2478 9923
2479 1886
2480 3789
2481 5152
2482 7112
2483 397
2484 4431
2485 8071
2486 1887
2487 8531
2488 8388
2489 1888
2490 5153
2491 6981
2492 7469
2493 1889
2494 7840
2495 7841
2496 1890
2497 9919
2498 5154
2499 9015
2500 398
2501 4432
2502 6982
2503 1891
2504 7960
2505 8456
2506 1892
2507 3790
2508 6137
2509 8626
2510 1893
2511 7619
2512 7244
2513 1894
2514 3791
2515 5155
2516 9412
2517 8720
2518 1895
2519 8987
2520 5555
2521 1896
2522 7416
2523 7417
2524 1897
2525 5556
2526 5557
2527 1898
2528 6405
2529 6406
2530 1899
2531 7961
2532 7962
2533 1900
2534 6983
2535 5156
2536 399
2537 8290
2538 400
2539 3425
2540 5066
2541 401
2542 4433
2543 4434
2544 1901
2545 8539
2546 6605
2547 1902
2548 7620
2549 7621
2550 1903
2551 3792
2552 5558
2553 9596
2554 9883
2555 1904
2556 9793
2557 6852
2558 9134
2559 9043
2560 402
2561 403
2562 6407
2563 4435
2564 1905
2565 8836
2566 8725
2567 1906
2568 3793
2569 9930
2570 9329
2571 1907
2572 7113
2573 7114
2574 1908
2575 6138
2576 5157
2577 404
2578 8338
2579 405
2580 3426
2581 9563
2582 7115
2583 1909
2584 406
2585 6408
2586 4436
2587 1910
2588 7695
2589 407
2590 4437
2591 9936
2592 1911
2593 408
2594 3427
2595 9720
2596 7116
2597 1912
2598 409
2599 6731
2600 4438
2601 1913
2602 6139
2603 6140
2604 1914
2605 9470
2606 8124
2607 1915
2608 410
2609 7622
2610 4439
2611 1916
2612 8597
2613 5559
2614 9934
2615 9471
2616 1917
2617 6886
2618 6887
2619 3595
2620 8153
2621 9681
2622 8890
2623 411
2624 4440
2625 4441
2626 1918
2627 5560
2628 5158
2629 1919
2630 7775
2631 5561
2632 412
2633 9378
2634 4442
2635 1920
2636 6409
2637 7117
2638 413
2639 3794
2640 9564
2641 414
2642 1921
2643 8432
2644 415
2645 4890
2646 416
2647 3428
2648 9165
2649 417
2650 4443
2651 4444
2652 1922
2653 7418
2654 5159
2655 418
2656 7348
2657 4891
2658 1923
2659 3795
2660 8671
2661 6141
2662 419
2663 8822
2664 8951
2665 5562
2666 1924
2667 3796
2668 7925
2669 9704
2670 1925
2671 5563
2672 7245
2673 1926
2674 420
2675 7118
2676 3797
2677 9924
2678 421
2679 6142
2680 8420
2681 1927
2682 3798
2683 7963
2684 8782
2685 1928
2686 3799
2687 6143
2688 6984
2689 1929
2690 422
2691 7246
2692 423
2693 9716
2694 9721
2695 1930
2696 7884
2697 6144
2698 1931
2699 3800
2700 8414
2701 8820
2702 1932
2703 3801
2704 6606
2705 8113
2706 1933
2707 5564
2708 5565
2709 1934
2710 8641
2711 7623
2712 8948
2713 1935
2714 424
2715 9355
2716 3802
2717 8584
2718 7624
2719 425
2720 4445
2721 8269
2722 1936
2723 6985
2724 6145
2725 1937
2726 9120
2727 9135
2728 5566
2729 1938
2730 3803
2731 8666
2732 1939
2733 5567
2734 5568
2735 1940
2736 6410
2737 9356
2738 1941
2739 7537
2740 7538
2741 1942
2742 8072
2743 5160
2744 426
2745 8073
2746 5569
2747 1943
2748 7119
2749 9143
2750 1944
2751 3804
2752 8743
2753 8437
2754 1945
2755 5570
2756 8902
2757 1946
2758 427
2759 7776
2760 4446
2761 1947
2762 6411
2763 6412
2764 1948
2765 3805
2766 7349
2767 428
2768 4447
2769 4448
2770 1949
2771 5571
2772 5161
2773 1950
2774 8661
2775 8909
2776 429
2777 7419
2778 4449
2779 1951
2780 6146
2781 6147
2782 1952
2783 8479
2784 7926
2785 6986
2786 1953
2787 430
2788 6413
2789 4450
2790 1954
2791 8817
2792 8818
2793 1955
2794 5572
2795 7247
2796 1956
2797 431
2798 7539
2799 4451
2800 432
2801 7927
2802 7928
2803 1957
2804 3806
2805 6148
2806 9202
2807 1958
2808 8318
2809 433
2810 4452
2811 4453
2812 1959
2813 7350
2814 434
2815 435
2816 6149
2817 9302
2818 436
2819 437
2820 8628
2821 4454
2822 1960
2823 7248
2824 8197
2825 438
2826 5573
2827 4892
2828 1961
2829 3807
2830 5162
2831 7696
2832 439
2833 9303
2834 8738
2835 3596
2836 7486
2837 9278
2838 440
2839 5574
2840 4893
2841 1962
2842 3808
2843 5163
2844 8898
2845 441
2846 4455
2847 442
2848 9365
2849 7120
2850 1963
2851 5164
2852 8074
2853 8664
2854 1964
2855 6150
2856 6151
2857 1965
2858 3809
2859 7249
2860 8396
2861 3597
2862 443
2863 9796
2864 5575
2865 6987
2866 1966
2867 7929
2868 7930
2869 1967
2870 5576
2871 5577
2872 1968
2873 6414
2874 8564
2875 1969
2876 444
2877 9121
2878 4456
2879 1970
2880 6152
2881 7540
2882 445
2883 1971
2884 8178
2885 446
2886 4457
2887 7121
2888 447
2889 448
2890 6415
2891 3810
2892 9157
2893 9697
2894 1972
2895 6416
2896 449
2897 4458
2898 4459
2899 1973
2900 8302
2901 9203
2902 9811
2903 450
2904 5578
2905 1974
2906 7697
2907 8389
2908 1975
2909 3811
2910 6607
2911 6888
2912 1976
2913 5579
2914 5580
2915 1977
2916 8540
2917 451
2918 7351
2919 3812
2920 1978
2921 7487
2922 5581
2923 1979
2924 6988
2925 6989
2926 1980
2927 9999
2928 21
2929 4460
2930 4894
2931 1981
2932 9379
2933 452
2934 5165
2935 9914
2936 9916
2937 1982
2938 6889
2939 8179
2940 3598
2941 453
2942 8244
2943 4461
2944 454
2945 7122
2946 7123
2947 1983
2948 7807
2949 5582
2950 1984
2951 8672
2952 8689
2953 1985
2954 8825
2955 5166
2956 6890
2957 7488
2958 455
2959 456
2960 8303
2961 8755
2962 3813
2963 457
2964 7352
2965 458
2966 7931
2967 4462
2968 459
2969 6608
2970 6609
2971 1986
2972 5583
2973 5584
2974 1987
2975 8797
2976 460
2977 3429
2978 3814
2979 4895
2980 461
2981 7964
2982 1988
2983 5585
2984 5586
2985 1989
2986 6610
2987 6611
2988 1990
2989 3815
2990 9190
2991 7250
2992 462
2993 8390
2994 4463
2995 1991
2996 8760
2997 8690
2998 1992
2999 463
3000 8557
3001 4464
3002 1993
3003 6153
3004 7625
3005 464
3006 465
3007 7353
3008 4896
3009 1994
3010 3816
3011 9845
3012 22
3013 4465
3014 3559
3015 1995
3016 5047
3017 9390
3018 1996
3019 466
3020 6154
3021 9852
3022 9597
3023 1997
3024 467
3025 5587
3026 4466
3027 1998
3028 6417
3029 6418
3030 1999
3031 7626
3032 2000
3033 9056
3034 6155
3035 2001
3036 3817
3037 8588
3038 9101
3039 2002
3040 5588
3041 7842
3042 2003
3043 2004
3044 7843
3045 6891
3046 2005
3047 9705
3048 2006
3049 9496
3050 7819
3051 8876
3052 2007
3053 3818
3054 6796
3055 8815
3056 2008
3057 5589
3058 5590
3059 2009
3060 6419
3061 6420
3062 2010
3063 8888
3064 468
3065 3819
3066 8300
3067 5591
3068 469
3069 8975
3070 7844
3071 2011
3072 470
3073 9932
3074 3820
3075 23
3076 9526
3077 3560
3078 2012
3079 4897
3080 9456
3081 2013
3082 8710
3083 7124
3084 5592
3085 2014
3086 471
3087 8166
3088 8180
3089 2015
3090 472
3091 6421
3092 4467
3093 2016
3094 7541
3095 473
3096 24
3097 9929
3098 474
3099 7777
3100 4898
3101 2017
3102 3821
3103 5167
3104 8260
3105 475
3106 8892
3107 476
3108 4468
3109 4469
3110 2018
3111 5593
3112 5168
3113 2019
3114 6892
3115 9407
3116 2020
3117 477
3118 9969
3119 6156
3120 5169
3121 2021
3122 8075
3123 478
3124 7845
3125 3822
3126 479
3127 6990
3128 4899
3129 2022
3130 3823
3131 8525
3132 2023
3133 3824
3134 6157
3135 6991
3136 2024
3137 480
3138 9434
3139 481
3140 4470
3141 482
3142 8976
3143 7251
3144 2025
3145 5170
3146 5594
3147 8032
3148 483
3149 3825
3150 9315
3151 484
3152 7252
3153 3826
3154 485
3155 7253
3156 4471
3157 2026
3158 6158
3159 486
3160 8181
3161 487
3162 488
3163 9330
3164 3827
3165 489
3166 7542
3167 7125
3168 2027
3169 490
3170 6159
3171 3828
3172 9735
3173 8648
3174 491
3175 4472
3176 6612
3177 2028
3178 492
3179 6422
3180 3829
3181 7254
3182 493
3183 8154
3184 4473
3185 2029
3186 9316
3187 494
3188 4900
3189 3830
3190 495
3191 5595
3192 7255
3193 7126
3194 2030
3195 496
3196 5596
3197 9023
3198 9684
3199 2031
3200 8486
3201 5597
3202 2032
3203 6992
3204 6993
3205 2033
3206 7627
3207 7846
3208 2034
3209 5171
3210 8787
3211 8741
3212 2035
3213 5598
3214 6893
3215 2036
3216 7628
3217 9345
3218 2037
3219 5599
3220 8530
3221 2038
3222 8304
3223 8245
3224 2039
3225 6994
3226 5172
3227 2040
3228 7847
3229 497
3230 4474
3231 4475
3232 2041
3233 9918
3234 9419
3235 498
3236 4476
3237 7744
3238 2042
3239 9380
3240 499
3241 4477
3242 4478
3243 2043
3244 9317
3245 500
3246 4479
3247 4480
3248 2044
3249 5600
3250 5173
3251 2045
3252 6732
3253 5601
3254 501
3255 7629
3256 3831
3257 502
3258 7354
3259 4901
3260 2046
3261 3832
3262 9233
3263 503
3264 4902
3265 4903
3266 2047
3267 3833
3268 5174
3269 9318
3270 2048
3271 3834
3272 7463
3273 504
3274 4481
3275 4482
3276 2049
3277 5602
3278 5175
3279 2050
3280 6733
3281 6734
3282 2051
3283 6160
3284 5176
3285 505
3286 8114
3287 8125
3288 2052
3289 506
3290 6423
3291 4483
3292 2053
3293 9224
3294 7355
3295 2054
3296 3835
3297 5177
3298 9304
3299 507
3300 3430
3301 5048
3302 508
3303 3431
3304 6613
3305 8602
3306 2055
3307 3836
3308 8055
3309 9968
3310 509
3311 9974
3312 4484
3313 2056
3314 6995
3315 9543
3316 8701
3317 2057
3318 510
3319 6424
3320 4485
3321 2058
3322 7630
3323 8297
3324 2059
3325 5178
3326 9381
3327 9763
3328 2060
3329 7848
3330 511
3331 3837
3332 6161
3333 7543
3334 2061
3335 512
3336 7127
3337 3838
3338 9397
3339 513
3340 514
3341 4486
3342 4487
3343 2062
3344 5603
3345 5179
3346 2063
3347 3839
3348 6425
3349 7631
3350 2064
3351 515
3352 7356
3353 4488
3354 2065
3355 6162
3356 8567
3357 2066
3358 7965
3359 7966
3360 2067
3361 3840
3362 5180
3363 9803
3364 516
3365 8339
3366 4904
3367 2068
3368 3841
3369 6797
3370 517
3371 4905
3372 4906
3373 2069
3374 3842
3375 5181
3376 8870
3377 9173
3378 2070
3379 5604
3380 5605
3381 2071
3382 7256
3383 7257
3384 2072
3385 5606
3386 8155
3387 518
3388 519
3389 7745
3390 6163
3391 2073
3392 3843
3393 8100
3394 520
3395 5607
3396 4489
3397 2074
3398 9943
3399 6426
3400 2075
3401 9975
3402 521
3403 4490
3404 7632
3405 2076
3406 522
3407 25
3408 6164
3409 3432
3410 9166
3411 523
3412 524
3413 9874
3414 6427
3415 8076
3416 2077
3417 3844
3418 5182
3419 7357
3420 525
3421 3433
3422 3845
3423 9461
3424 526
3425 3434
3426 5067
3427 527
3428 4491
3429 4492
3430 2078
3431 7967
3432 528
3433 3435
3434 5049
3435 529
3436 3436
3437 9438
3438 530
3439 3437
3440 4907
3441 9858
3442 2079
3443 2080
3444 7258
3445 5608
3446 2081
3447 7698
3448 531
3449 3438
3450 3846
3451 9331
3452 9804
3453 2082
3454 532
3455 7932
3456 3847
3457 533
3458 5609
3459 9884
3460 534
3461 7259
3462 3848
3463 535
3464 7260
3465 4493
3466 2083
3467 5610
3468 8279
3469 536
3470 4494
3471 4495
3472 2084
3473 7358
3474 537
3475 538
3476 5611
3477 7849
3478 8623
3479 2085
3480 5612
3481 9489
3482 539
3483 2086
3484 9011
3485 7544
3486 8988
3487 2087
3488 3849
3489 6165
3490 8340
3491 2088
3492 540
3493 8708
3494 4496
3495 541
3496 6614
3497 6615
3498 2089
3499 5613
3500 5614
3501 2090
3502 9242
3503 6818
3504 2091
3505 5615
3506 5616
3507 2092
3508 7968
3509 542
3510 5617
3511 4497
3512 2093
3513 6735
3514 9462
3515 2094
3516 3850
3517 5183
3518 9463
3519 9878
3520 8606
3521 2095
3522 5618
3523 5619
3524 2096
3525 6616
3526 6617
3527 2097
3528 3851
3529 6844
3530 8400
3531 2098
3532 5620
3533 5621
3534 2099
3535 6428
3536 6429
3537 2100
3538 7969
3539 5622
3540 2101
3541 7261
3542 7262
3543 2102
3544 5623
3545 5624
3546 2103
3547 8761
3548 543
3549 4498
3550 4499
3551 2104
3552 6894
3553 5184
3554 2105
3555 5625
3556 9497
3557 9565
3558 2106
3559 3852
3560 8646
3561 544
3562 9958
3563 9210
3564 545
3565 4500
3566 4501
3567 2107
3568 5626
3569 8002
3570 2108
3571 6166
3572 6167
3573 2109
3574 9785
3575 26
3576 4502
3577 3561
3578 2110
3579 5050
3580 5185
3581 2111
3582 7633
3583 2112
3584 5627
3585 9391
3586 2113
3587 8056
3588 8057
3589 2114
3590 5628
3591 6895
3592 2115
3593 27
3594 8918
3595 546
3596 4503
3597 9402
3598 547
3599 6798
3600 6799
3601 2116
3602 5629
3603 5630
3604 2117
3605 6430
3606 6431
3607 2118
3608 7420
3609 7421
3610 2119
3611 7746
3612 5186
3613 548
3614 7885
3615 4908
3616 2120
3617 3853
3618 6168
3619 28
3620 549
3621 9464
3622 5051
3623 550
3624 3439
3625 3854
3626 7128
3627 9439
3628 2121
3629 8077
3630 551
3631 3440
3632 3855
3633 5187
3634 6169
3635 552
3636 553
3637 8501
3638 554
3639 4909
3640 4910
3641 2122
3642 3856
3643 5188
3644 8866
3645 2123
3646 3857
3647 5189
3648 7699
3649 555
3650 4911
3651 556
3652 3441
3653 6618
3654 557
3655 3442
3656 8630
3657 558
3658 5631
3659 4504
3660 2124
3661 8348
3662 7422
3663 2125
3664 5632
3665 5633
3666 2126
3667 6432
3668 7778
3669 2127
3670 559
3671 9498
3672 4505
3673 560
3674 8869
3675 8970
3676 2128
3677 6433
3678 6434
3679 2129
3680 3858
3681 5190
3682 9853
3683 561
3684 9922
3685 2130
3686 562
3687 4506
3688 4507
3689 2131
3690 5634
3691 5191
3692 2132
3693 3859
3694 6435
3695 6896
3696 2133
3697 8156
3698 563
3699 9993
3700 4508
3701 564
3702 7489
3703 9122
3704 2134
3705 565
3706 8940
3707 8615
3708 8296
3709 7129
3710 566
3711 567
3712 4509
3713 568
3714 6619
3715 6620
3716 2135
3717 5635
3718 5636
3719 2136
3720 8003
3721 8954
3722 569
3723 3860
3724 6621
3725 6996
3726 2137
3727 3861
3728 5192
3729 9580
3730 8955
3731 2138
3732 3862
3733 7747
3734 570
3735 4510
3736 4511
3737 2139
3738 5637
3739 8941
3740 2140
3741 3863
3742 6436
3743 8424
3744 2141
3745 571
3746 4512
3747 4513
3748 2142
3749 7359
3750 2143
3751 6170
3752 6897
3753 572
3754 3864
3755 8078
3756 7748
3757 573
3758 3443
3759 3865
3760 9650
3761 9581
3762 2144
3763 5638
3764 9835
3765 2145
3766 8324
3767 574
3768 4912
3769 4913
3770 2146
3771 3866
3772 5193
3773 5194
3774 2147
3775 7263
3776 9346
3777 575
3778 8079
3779 3867
3780 9933
3781 29
3782 5052
3783 576
3784 3444
3785 3868
3786 9268
3787 8033
3788 2148
3789 9080
3790 8578
3791 2149
3792 5639
3793 5640
3794 2150
3795 7264
3796 7265
3797 2151
3798 5195
3799 9972
3800 9931
3801 5196
3802 6898
3803 577
3804 578
3805 9440
3806 9770
3807 2152
3808 3869
3809 5197
3810 7749
3811 579
3812 4514
3813 6622
3814 2153
3815 580
3816 6437
3817 3870
3818 6997
3819 8673
3820 581
3821 5641
3822 4914
3823 2154
3824 3871
3825 8483
3826 8101
3827 582
3828 3445
3829 5068
3830 583
3831 3446
3832 3872
3833 9420
3834 584
3835 4515
3836 9291
3837 2155
3838 7266
3839 7267
3840 2156
3841 3873
3842 6171
3843 585
3844 8080
3845 586
3846 3874
3847 7130
3848 9174
3849 2157
3850 5198
3851 30
3852 9179
3853 3562
3854 2158
3855 4915
3856 8081
3857 2159
3858 9465
3859 31
3860 4516
3861 3563
3862 2160
3863 3875
3864 5199
3865 8793
3866 2161
3867 3876
3868 6736
3869 9123
3870 2162
3871 5642
3872 5643
3873 2163
3874 7886
3875 8841
3876 3599
3877 6899
3878 9180
3879 587
3880 588
3881 9204
3882 4517
3883 2164
3884 6172
3885 9481
3886 2165
3887 589
3888 9382
3889 4518
3890 2166
3891 6173
3892 6900
3893 2167
3894 590
3895 9771
3896 9951
3897 2168
3898 5644
3899 5645
3900 2169
3901 7131
3902 9513
3903 3600
3904 8246
3905 591
3906 592
3907 6174
3908 4519
3909 2170
3910 8959
3911 8962
3912 2171
3913 3877
3914 6175
3915 6901
3916 2172
3917 7887
3918 7888
3919 2173
3920 3878
3921 7132
3922 8609
3923 3879
3924 593
3925 5646
3926 9656
3927 9664
3928 2174
3929 5647
3930 8377
3931 2175
3932 7133
3933 7134
3934 2176
3935 3880
3936 9830
3937 9755
3938 594
3939 4916
3940 4917
3941 2177
3942 3881
3943 5200
3944 7933
3945 9049
3946 2178
3947 595
3948 8305
3949 3882
3950 2179
3951 7634
3952 6998
3953 2180
3954 9167
3955 5201
3956 2181
3957 9738
3958 5202
3959 8020
3960 9798
3961 32
3962 3447
3963 4918
3964 6623
3965 2182
3966 596
3967 6624
3968 4520
3969 2183
3970 9499
3971 9490
3972 2184
3973 5648
3974 6902
3975 2185
3976 8715
3977 8589
3978 2186
3979 2187
3980 7135
3981 5649
3982 2188
3983 7850
3984 8034
3985 2189
3986 5203
3987 9657
3988 597
3989 4521
3990 6625
3991 2190
3992 598
3993 6737
3994 4919
3995 2191
3996 3883
3997 6819
3998 8795
3999 2192
4000 5650
4001 5651
4002 2193
4003 7750
4004 7751
4005 2194
4006 3884
4007 6438
4008 8126
4009 2195
4010 3885
4011 9816
4012 9234
4013 599
4014 7360
4015 3886
4016 600
4017 7361
4018 4522
4019 2196
4020 6176
4021 6999
4022 2197
4023 9889
4024 8341
4025 7490
4026 2198
4027 3887
4028 6177
4029 9792
4030 2199
4031 601
4032 9954
4033 33
4034 3448
4035 4920
4036 5652
4037 2200
4038 7700
4039 7448
4040 2201
4041 3888
4042 6178
4043 8016
4044 2202
4045 7136
4046 7137
4047 2203
4048 3889
4049 9711
4050 602
4051 8608
4052 6179
4053 2204
4054 3890
4055 7701
4056 8731
4057 2205
4058 6903
4059 6180
4060 2206
4061 3891
4062 8351
4063 9851
4064 9831
4065 3892
4066 603
4067 6181
4068 6182
4069 2207
4070 9911
4071 7362
4072 604
4073 4921
4074 5653
4075 2208
4076 3893
4077 8459
4078 605
4079 4523
4080 4524
4081 2209
4082 9514
4083 5204
4084 2210
4085 6626
4086 6627
4087 2211
4088 5654
4089 5655
4090 2212
4091 6820
4092 6821
4093 2213
4094 5656
4095 5657
4096 2214
4097 6846
4098 6847
4099 2215
4100 5658
4101 5659
4102 2216
4103 6439
4104 6440
4105 2217
4106 7793
4107 2218
4108 5660
4109 5661
4110 2219
4111 7423
4112 7424
4113 2220
4114 3894
4115 6183
4116 6904
4117 2221
4118 8581
4119 8582
4120 2222
4121 3895
4122 9292
4123 7000
4124 2223
4125 606
4126 7545
4127 8182
4128 2224
4129 607
4130 8167
4131 4525
4132 2225
4133 6184
4134 9347
4135 2226
4136 34
4137 7138
4138 3449
4139 9332
4140 608
4141 3450
4142 4922
4143 5205
4144 2227
4145 609
4146 7425
4147 8270
4148 2228
4149 6185
4150 5206
4151 610
4152 8668
4153 611
4154 4526
4155 612
4156 9732
4157 7139
4158 2229
4159 5662
4160 8512
4161 2230
4162 3896
4163 613
4164 7140
4165 8749
4166 2231
4167 9879
4168 5207
4169 614
4170 9953
4171 8280
4172 2232
4173 5663
4174 5664
4175 2233
4176 9986
4177 9642
4178 615
4179 5665
4180 2234
4181 7268
4182 7269
4183 2235
4184 3897
4185 5208
4186 8004
4187 9102
4188 616
4189 9069
4190 4527
4191 2236
4192 6628
4193 6629
4194 2237
4195 5666
4196 5667
4197 2238
4198 6800
4199 6905
4200 2239
4201 3898
4202 9866
4203 9854
4204 2240
4205 8491
4206 5668
4207 2241
4208 7141
4209 9764
4210 617
4211 3899
4212 8848
4213 6186
4214 2242
4215 3900
4216 7702
4217 8306
4218 2243
4219 3901
4220 6187
4221 8659
4222 3902
4223 618
4224 8798
4225 8492
4226 5209
4227 2244
4228 7001
4229 9114
4230 2245
4231 7851
4232 8750
4233 2246
4234 3903
4235 9859
4236 5669
4237 619
4238 9787
4239 9366
4240 2247
4241 5210
4242 5670
4243 7820
4244 9665
4245 620
4246 621
4247 7002
4248 3904
4249 9981
4250 8519
4251 2248
4252 5671
4253 5672
4254 2249
4255 6441
4256 6442
4257 2250
4258 7142
4259 7143
4260 3601
4261 9609
4262 9767
4263 622
4264 4528
4265 7144
4266 2251
4267 4923
4268 623
4269 3451
4270 3905
4271 8843
4272 9544
4273 624
4274 5673
4275 4529
4276 2252
4277 6906
4278 6630
4279 2253
4280 3906
4281 8082
4282 8391
4283 625
4284 626
4285 7546
4286 6188
4287 9545
4288 2254
4289 3907
4290 9658
4291 9700
4292 3908
4293 627
4294 7145
4295 7146
4296 2255
4297 5674
4298 9491
4299 628
4300 629
4301 3452
4302 4530
4303 9305
4304 8247
4305 2256
4306 3909
4307 5211
4308 9823
4309 8989
4310 2257
4311 7547
4312 630
4313 9527
4314 4531
4315 2258
4316 8600
4317 6631
4318 2259
4319 3910
4320 5212
4321 8319
4322 631
4323 5675
4324 4924
4325 2260
4326 3911
4327 9610
4328 9633
4329 2261
4330 5213
4331 8058
4332 632
4333 3453
4334 5053
4335 633
4336 3454
4337 7147
4338 2262
4339 9348
4340 634
4341 4925
4342 4926
4343 2263
4344 3912
4345 5214
4346 5215
4347 2264
4348 6738
4349 6739
4350 2265
4351 5676
4352 5677
4353 2266
4354 7426
4355 9081
4356 2267
4357 5678
4358 9149
4359 635
4360 8662
4361 8059
4362 5679
4363 2268
4364 636
4365 7148
4366 8906
4367 2269
4368 9875
4369 9103
4370 2270
4371 5680
4372 7270
4373 2271
4374 637
4375 7363
4376 4927
4377 2272
4378 3913
4379 9104
4380 638
4381 7990
4382 3914
4383 35
4384 6443
4385 3564
4386 2273
4387 9566
4388 9063
4389 7149
4390 639
4391 9693
4392 4532
4393 640
4394 6189
4395 6190
4396 2274
4397 8649
4398 641
4399 4533
4400 4534
4401 2275
4402 5681
4403 5216
4404 2276
4405 5682
4406 8005
4407 2277
4408 6632
4409 6907
4410 2278
4411 5683
4412 5684
4413 2279
4414 8972
4415 9211
4416 2280
4417 7491
4418 9403
4419 2281
4420 8157
4421 5217
4422 642
4423 8568
4424 4535
4425 2282
4426 9515
4427 7003
4428 9634
4429 2283
4430 643
4431 3455
4432 6444
4433 9713
4434 644
4435 8933
4436 4536
4437 2284
4438 8594
4439 7635
4440 5218
4441 2285
4442 8139
4443 8228
4444 2286
4445 6908
4446 9105
4447 645
4448 9976
4449 646
4450 647
4451 9805
4452 3915
4453 6445
4454 8528
4455 648
4456 3916
4457 4537
4458 9806
4459 649
4460 7934
4461 4538
4462 2287
4463 7004
4464 7005
4465 3602
4466 8397
4467 650
4468 4539
4469 4540
4470 2288
4471 5685
4472 9349
4473 2289
4474 3917
4475 5219
4476 7970
4477 7006
4478 651
4479 652
4480 5686
4481 7889
4482 2290
4483 7007
4484 7008
4485 2291
4486 9813
4487 9659
4488 2292
4489 7009
4490 7010
4491 2293
4492 5220
4493 7427
4494 8281
4495 2294
4496 6446
4497 6447
4498 2295
4499 3918
4500 5221
4501 9992
4502 653
4503 4541
4504 4542
4505 2296
4506 5687
4507 5222
4508 2297
4509 5688
4510 654
4511 8461
4512 7636
4513 7011
4514 655
4515 656
4516 6448
4517 4543
4518 2298
4519 8060
4520 9567
4521 3603
4522 9005
4523 9029
4524 657
4525 3919
4526 4544
4527 8515
4528 658
4529 4545
4530 4546
4531 2299
4532 8282
4533 5223
4534 2300
4535 8874
4536 6191
4537 2301
4538 7703
4539 9817
4540 2302
4541 3920
4542 6192
4543 7012
4544 2303
4545 659
4546 8699
4547 9624
4548 2304
4549 5689
4550 5690
4551 2305
4552 7271
4553 7272
4554 2306
4555 6193
4556 660
4557 3456
4558 8590
4559 2307
4560 7013
4561 5224
4562 2308
4563 9528
4564 7852
4565 9776
4566 2309
4567 6194
4568 6195
4569 2310
4570 3921
4571 9625
4572 661
4573 4928
4574 3922
4575 662
4576 5691
4577 6633
4578 8763
4579 2311
4580 3923
4581 7704
4582 8415
4583 2312
4584 6449
4585 6450
4586 2313
4587 3924
4588 5225
4589 9939
4590 663
4591 9333
4592 3925
4593 664
4594 7492
4595 5692
4596 9421
4597 2314
4598 665
4599 9334
4600 5693
4601 7014
4602 2315
4603 7853
4604 8536
4605 666
4606 6196
4607 9906
4608 667
4609 3926
4610 8248
4611 8896
4612 2316
4613 6197
4614 8903
4615 2317
4616 3927
4617 7364
4618 9092
4619 2318
4620 5694
4621 5695
4622 2319
4623 9913
4624 8742
4625 2320
4626 5696
4627 5697
4628 2321
4629 9124
4630 9819
4631 2322
4632 668
4633 9944
4634 3928
4635 669
4636 5698
4637 7273
4638 8378
4639 2323
4640 6451
4641 6452
4642 2324
4643 3929
4644 5226
4645 9626
4646 9809
4647 2325
4648 3930
4649 5227
4650 7150
4651 670
4652 3931
4653 8433
4654 671
4655 2326
4656 8714
4657 7637
4658 2327
4659 3932
4660 6909
4661 9670
4662 672
4663 3933
4664 8466
4665 673
4666 9886
4667 4929
4668 2328
4669 3934
4670 7705
4671 674
4672 4930
4673 675
4674 3457
4675 6740
4676 9093
4677 2329
4678 5699
4679 5700
4680 2330
4681 8283
4682 8342
4683 2331
4684 5701
4685 5702
4686 2332
4687 6453
4688 7808
4689 2333
4690 2334
4691 36
4692 9383
4693 3565
4694 676
4695 4931
4696 9582
4697 2335
4698 6454
4699 6455
4700 2336
4701 3935
4702 7706
4703 2337
4704 8838
4705 5703
4706 2338
4707 8733
4708 8158
4709 7548
4710 2339
4711 677
4712 7274
4713 4547
4714 2340
4715 9441
4716 5704
4717 678
4718 3458
4719 5705
4720 9824
4721 679
4722 7549
4723 8977
4724 2341
4725 5706
4726 680
4727 8140
4728 681
4729 9758
4730 5228
4731 682
4732 9500
4733 683
4734 4548
4735 4549
4736 2342
4737 5707
4738 5229
4739 2343
4740 5708
4741 8404
4742 2344
4743 6634
4744 8859
4745 2345
4746 5709
4747 5710
4748 2346
4749 7971
4750 7972
4751 2347
4752 6198
4753 5230
4754 684
4755 7493
4756 8610
4757 2348
4758 37
4759 9235
4760 3566
4761 2349
4762 6635
4763 5231
4764 685
4765 6456
4766 4550
4767 2350
4768 7365
4769 7366
4770 2351
4771 8496
4772 5711
4773 2352
4774 8102
4775 686
4776 687
4777 6199
4778 7367
4779 2353
4780 688
4781 8734
4782 4932
4783 2354
4784 3936
4785 5232
4786 9212
4787 9279
4788 689
4789 9896
4790 4551
4791 2355
4792 7015
4793 7016
4794 3604
4795 7854
4796 690
4797 9826
4798 5712
4799 691
4800 9319
4801 8438
4802 692
4803 9746
4804 693
4805 4552
4806 4553
4807 2356
4808 5713
4809 5233
4810 2357
4811 6910
4812 7017
4813 3605
4814 9236
4815 7752
4816 2358
4817 6200
4818 6201
4819 2359
4820 3937
4821 6853
4822 8379
4823 694
4824 9442
4825 4554
4826 2360
4827 5714
4828 8844
4829 695
4830 3938
4831 9044
4832 696
4833 8740
4834 3939
4835 697
4836 7018
4837 9392
4838 2361
4839 698
4840 8913
4841 5715
4842 2362
4843 7428
4844 7429
4845 2363
4846 5716
4847 5717
4848 2364
4849 6741
4850 6742
4851 2365
4852 5718
4853 5719
4854 2366
4855 7796
4856 7797
4857 2367
4858 6202
4859 6203
4860 2368
4861 3940
4862 6636
4863 699
4864 8915
4865 700
4866 701
4867 6457
4868 4933
4869 2369
4870 3941
4871 6637
4872 9158
4873 2370
4874 8159
4875 2371
4876 3942
4877 7275
4878 7638
4879 702
4880 3943
4881 5720
4882 703
4883 8823
4884 4555
4885 2372
4886 8083
4887 7550
4888 5234
4889 704
4890 705
4891 8320
4892 8516
4893 2373
4894 7019
4895 7020
4896 2374
4897 9243
4898 5235
4899 9772
4900 9794
4901 706
4902 4934
4903 8505
4904 2375
4905 3944
4906 5236
4907 6743
4908 707
4909 3459
4910 3945
4911 9447
4912 9960
4913 2376
4914 2377
4915 7021
4916 5237
4917 8858
4918 708
4919 709
4920 5721
4921 4556
4922 2378
4923 6458
4924 8168
4925 2379
4926 9293
4927 9717
4928 2380
4929 7821
4930 7276
4931 710
4932 4557
4933 4558
4934 2381
4935 5722
4936 5238
4937 2382
4938 5723
4939 6204
4940 2383
4941 8911
4942 711
4943 4935
4944 712
4945 3460
4946 6459
4947 8115
4948 2384
4949 9367
4950 2385
4951 5724
4952 5725
4953 2386
4954 6638
4955 6639
4956 2387
4957 3946
4958 6801
4959 9294
4960 2388
4961 5726
4962 5727
4963 2389
4964 8103
4965 7779
4966 2390
4967 713
4968 6640
4969 4936
4970 2391
4971 3947
4972 8537
4973 714
4974 3461
4975 4559
4976 7368
4977 715
4978 4560
4979 6802
4980 2392
4981 716
4982 6803
4983 4561
4984 2393
4985 6460
4986 6461
4987 2394
4988 3948
4989 8849
4990 8325
4991 5728
4992 2395
4993 717
4994 7855
4995 8917
4996 5729
4997 2396
4998 718
4999 7277
5000 719
5001 3462
5002 8665
5003 720
5004 3949
5005 6205
5006 7551
5007 2397
5008 721
5009 7278
5010 4562
5011 2398
5012 8425
5013 722
5014 4563
5015 4564
5016 2399
5017 9320
5018 9168
5019 2400
5020 5730
5021 5731
5022 2401
5023 7856
5024 7151
5025 9357
5026 2402
5027 723
5028 8307
5029 6206
5030 2403
5031 724
5032 7552
5033 725
5034 8847
5035 726
5036 3463
5037 3950
5038 5054
5039 727
5040 3464
5041 7857
5042 3951
5043 728
5044 9751
5045 5732
5046 7022
5047 9191
5048 729
5049 730
5050 6641
5051 4565
5052 2404
5053 8343
5054 5733
5055 2405
5056 7822
5057 8585
5058 731
5059 9985
5060 9980
5061 2406
5062 8434
5063 5734
5064 2407
5065 7553
5066 732
5067 4566
5068 9144
5069 733
5070 734
5071 9150
5072 7809
5073 2408
5074 9501
5075 9887
5076 2409
5077 3952
5078 5239
5079 7152
5080 7494
5081 735
5082 736
5083 5735
5084 9723
5085 737
5086 4567
5087 4568
5088 2410
5089 8206
5090 5240
5091 2411
5092 6207
5093 7753
5094 2412
5095 738
5096 4937
5097 3953
5098 739
5099 8683
5100 740
5101 4569
5102 4570
5103 2413
5104 5736
5105 8558
5106 2414
5107 8207
5108 7153
5109 2415
5110 5241
5111 9280
5112 9253
5113 2416
5114 741
5115 9821
5116 4571
5117 2417
5118 7554
5119 7890
5120 2418
5121 6462
5122 742
5123 4938
5124 4939
5125 2419
5126 3954
5127 8427
5128 9244
5129 743
5130 5737
5131 4572
5132 2420
5133 6463
5134 6911
5135 2421
5136 8035
5137 9040
5138 744
5139 745
5140 9181
5141 9182
5142 3606
5143 7495
5144 746
5145 3955
5146 8344
5147 747
5148 4573
5149 4574
5150 2422
5151 5738
5152 5242
5153 2423
5154 5739
5155 6464
5156 2424
5157 3956
5158 7464
5159 748
5160 4575
5161 5740
5162 2425
5163 6465
5164 6466
5165 2426
5166 6744
5167 749
5168 4576
5169 4577
5170 2427
5171 9546
5172 9940
5173 2428
5174 3957
5175 8718
5176 7973
5177 2429
5178 750
5179 7369
5180 4578
5181 2430
5182 6467
5183 5741
5184 751
5185 7639
5186 8380
5187 2431
5188 2432
5189 8359
5190 7023
5191 2433
5192 7991
5193 5243
5194 752
5195 3465
5196 4940
5197 5742
5198 2434
5199 6822
5200 6823
5201 2435
5202 5743
5203 5744
5204 2436
5205 6468
5206 6469
5207 2437
5208 9660
5209 38
5210 4579
5211 3567
5212 2438
5213 6745
5214 5244
5215 753
5216 7279
5217 4941
5218 2439
5219 3958
5220 8183
5221 754
5222 3959
5223 9413
5224 7555
5225 755
5226 9701
5227 4580
5228 2440
5229 8834
5230 5745
5231 756
5232 8553
5233 4581
5234 2441
5235 6642
5236 8360
5237 757
5238 3960
5239 4582
5240 7754
5241 758
5242 4942
5243 3961
5244 759
5245 5746
5246 9682
5247 39
5248 3466
5249 8702
5250 4583
5251 760
5252 6470
5253 6471
5254 2442
5255 3962
5256 6804
5257 8134
5258 2443
5259 3963
5260 5245
5261 8952
5262 8925
5263 7470
5264 761
5265 9694
5266 8308
5267 762
5268 763
5269 8234
5270 5246
5271 764
5272 7154
5273 4584
5274 2444
5275 9502
5276 765
5277 8764
5278 4585
5279 2445
5280 6643
5281 6644
5282 2446
5283 5747
5284 5748
5285 2447
5286 6805
5287 6806
5288 2448
5289 3964
5290 7280
5291 8800
5292 2449
5293 766
5294 8621
5295 8956
5296 2450
5297 5749
5298 5750
5299 2451
5300 6746
5301 6747
5302 2452
5303 5751
5304 5752
5305 2453
5306 6824
5307 6825
5308 2454
5309 5753
5310 5754
5311 2455
5312 8867
5313 2456
5314 767
5315 6208
5316 3965
5317 7556
5318 768
5319 8778
5320 4586
5321 2457
5322 8965
5323 2458
5324 3966
5325 6645
5326 8936
5327 2459
5328 5755
5329 5756
5330 2460
5331 7974
5332 7975
5333 2461
5334 5757
5335 5758
5336 2462
5337 8208
5338 7370
5339 2463
5340 3967
5341 6209
5342 8650
5343 2464
5344 769
5345 4587
5346 4588
5347 2465
5348 5759
5349 5247
5350 2466
5351 5760
5352 6210
5353 2467
5354 6912
5355 9994
5356 2468
5357 5761
5358 6211
5359 2469
5360 3968
5361 5248
5362 6212
5363 770
5364 3467
5365 8381
5366 8017
5367 771
5368 4589
5369 4590
5370 2470
5371 5762
5372 5249
5373 2471
5374 5763
5375 6213
5376 2472
5377 6214
5378 8852
5379 2473
5380 772
5381 9192
5382 3969
5383 40
5384 7024
5385 7858
5386 2474
5387 2475
5388 7859
5389 5764
5390 2476
5391 8184
5392 8185
5393 2477
5394 5250
5395 7155
5396 7496
5397 2478
5398 3970
5399 9422
5400 773
5401 41
5402 4591
5403 3568
5404 2479
5405 9321
5406 9269
5407 774
5408 5765
5409 9193
5410 2480
5411 6854
5412 8021
5413 9702
5414 9516
5415 2481
5416 3971
5417 5251
5418 7860
5419 775
5420 5766
5421 7025
5422 8748
5423 2482
5424 9248
5425 9050
5426 42
5427 3468
5428 3569
5429 8361
5430 5767
5431 2483
5432 8736
5433 9082
5434 2484
5435 5768
5436 5769
5437 2485
5438 6472
5439 9335
5440 2486
5441 776
5442 7891
5443 9205
5444 3972
5445 777
5446 7156
5447 7157
5448 2487
5449 5770
5450 8520
5451 2488
5452 778
5453 9051
5454 4592
5455 779
5456 6215
5457 7976
5458 2489
5459 9384
5460 780
5461 7977
5462 3973
5463 781
5464 4943
5465 4944
5466 2490
5467 3974
5468 5252
5469 5253
5470 2491
5471 782
5472 9591
5473 7281
5474 5771
5475 2492
5476 783
5477 6216
5478 8638
5479 9003
5480 2493
5481 3975
5482 9773
5483 7282
5484 784
5485 4593
5486 8198
5487 2494
5488 6217
5489 6218
5490 2495
5491 9393
5492 8467
5493 7497
5494 2496
5495 6473
5496 8084
5497 2497
5498 3976
5499 5254
5500 8980
5501 785
5502 8799
5503 4594
5504 2498
5505 6219
5506 9714
5507 2499
5508 7557
5509 786
5510 3977
5511 9306
5512 787
5513 788
5514 7640
5515 789
5516 3978
5517 6220
5518 9795
5519 2500
5520 9492
5521 8249
5522 2501
5523 6221
5524 5255
5525 790
5526 7823
5527 9225
5528 791
5529 5256
5530 9503
5531 9529
5532 2502
5533 5772
5534 8261
5535 2503
5536 7707
5537 7708
5538 2504
5539 7283
5540 5257
5541 792
5542 7371
5543 4945
5544 2505
5545 3979
5546 5258
5547 9254
5548 8862
5549 8217
5550 2506
5551 5773
5552 5774
5553 2507
5554 6646
5555 6647
5556 2508
5557 3980
5558 9414
5559 43
5560 3981
5561 6222
5562 7026
5563 2509
5564 793
5565 7284
5566 8061
5567 2510
5568 794
5569 8271
5570 4946
5571 2511
5572 3982
5573 6648
5574 7158
5575 2512
5576 3983
5577 9899
5578 795
5579 3469
5580 4947
5581 8981
5582 2513
5583 6474
5584 9547
5585 796
5586 3984
5587 7285
5588 8085
5589 2514
5590 3985
5591 9025
5592 797
5593 7286
5594 3986
5595 798
5596 7641
5597 3987
5598 799
5599 6223
5600 3988
5601 8686
5602 8667
5603 2515
5604 800
5605 7287
5606 4595
5607 2516
5608 8480
5609 5775
5610 8141
5611 801
5612 802
5613 7159
5614 8830
5615 803
5616 9457
5617 3989
5618 804
5619 9472
5620 3990
5621 805
5622 9466
5623 3991
5624 806
5625 9962
5626 7027
5627 2517
5628 2518
5629 7935
5630 8062
5631 2519
5632 5776
5633 5777
5634 2520
5635 6649
5636 807
5637 3470
5638 9846
5639 9917
5640 2521
5641 5778
5642 8160
5643 2522
5644 808
5645 8756
5646 809
5647 7160
5648 4596
5649 2523
5650 9183
5651 810
5652 4597
5653 811
5654 6650
5655 6651
5656 2524
5657 5779
5658 5780
5659 2525
5660 7449
5661 7450
5662 2526
5663 5781
5664 6913
5665 2527
5666 44
5667 1388
5668 2528
5669 2529
5670 2530
5671 2531
5672 2532
5673 9408
5674 3471
5675 7028
5676 45
5677 812
5678 4598
5679 3992
5680 813
5681 8814
5682 7709
5683 2533
5684 814
5685 5782
5686 7029
5687 8362
5688 2534
5689 815
5690 9404
5691 3993
5692 816
5693 5783
5694 9666
5695 817
5696 3472
5697 4948
5698 8363
5699 2535
5700 7288
5701 818
5702 4599
5703 5784
5704 2536
5705 819
5706 9548
5707 46
5708 5785
5709 9635
5710 2537
5711 47
5712 9568
5713 3570
5714 2538
5715 3994
5716 6652
5717 820
5718 4600
5719 9448
5720 2539
5721 7861
5722 7862
5723 3607
5724 7161
5725 821
5726 4949
5727 4950
5728 2540
5729 3995
5730 8506
5731 8291
5732 2541
5733 822
5734 6224
5735 3996
5736 9675
5737 2542
5738 8186
5739 823
5740 3473
5741 9024
5742 4601
5743 824
5744 6807
5745 6808
5746 2543
5747 5786
5748 5787
5749 2544
5750 6475
5751 6476
5752 2545
5753 8642
5754 7451
5755 2546
5756 3997
5757 5259
5758 9409
5759 825
5760 3474
5761 4951
5762 8645
5763 2547
5764 826
5765 8408
5766 8036
5767 4602
5768 827
5769 3475
5770 6748
5771 8732
5772 2548
5773 5788
5774 5789
5775 2549
5776 9549
5777 828
5778 3476
5779 6749
5780 6477
5781 2550
5782 3998
5783 5260
5784 7892
5785 9950
5786 829
5787 5790
5788 9550
5789 830
5790 831
5791 8439
5792 8805
5793 2551
5794 3999
5795 6750
5796 832
5797 4952
5798 4953
5799 2552
5800 4000
5801 5261
5802 9707
5803 833
5804 5791
5805 4603
5806 2553
5807 6478
5808 7430
5809 2554
5810 834
5811 7289
5812 4604
5813 2555
5814 8116
5815 8117
5816 2556
5817 5262
5818 7030
5819 7498
5820 2557
5821 835
5822 7824
5823 8992
5824 2558
5825 9385
5826 9368
5827 2559
5828 5792
5829 8444
5830 2560
5831 7710
5832 7863
5833 2561
5834 4001
5835 6225
5836 7031
5837 2562
5838 836
5839 8910
5840 8908
5841 8037
5842 2563
5843 9410
5844 2564
5845 8440
5846 7499
5847 3608
5848 837
5849 9782
5850 838
5851 6479
5852 839
5853 4002
5854 4605
5855 8284
5856 7711
5857 2565
5858 840
5859 6226
5860 4003
5861 8946
5862 9808
5863 2566
5864 9611
5865 8038
5866 841
5867 9636
5868 842
5869 7978
5870 4004
5871 843
5872 4606
5873 4607
5874 2567
5875 6914
5876 5263
5877 2568
5878 7162
5879 8187
5880 3609
5881 844
5882 9551
5883 5793
5884 9612
5885 845
5886 846
5887 4608
5888 4609
5889 2569
5890 6915
5891 7992
5892 2570
5893 847
5894 8364
5895 5794
5896 2571
5897 7431
5898 7755
5899 2572
5900 5795
5901 5796
5902 2573
5903 6826
5904 6827
5905 2574
5906 5797
5907 5798
5908 2575
5909 6480
5910 6481
5911 2576
5912 9115
5913 9255
5914 8619
5915 2577
5916 5799
5917 5800
5918 2578
5919 6751
5920 6752
5921 2579
5922 4005
5923 5264
5924 8398
5925 8006
5926 2580
5927 848
5928 4610
5929 4611
5930 2581
5931 5801
5932 5265
5933 2582
5934 4006
5935 6482
5936 9249
5937 2583
5938 849
5939 9752
5940 6227
5941 2584
5942 4007
5943 8968
5944 2585
5945 7558
5946 5802
5947 2586
5948 8161
5949 8863
5950 850
5951 8565
5952 4008
5953 851
5954 5803
5955 9651
5956 9900
5957 2587
5958 5804
5959 7290
5960 2588
5961 852
5962 7163
5963 4009
5964 9676
5965 9719
5966 2589
5967 4010
5968 6228
5969 7756
5970 2590
5971 853
5972 7757
5973 4612
5974 2591
5975 7164
5976 7165
5977 2592
5978 9627
5979 5805
5980 2593
5981 8127
5982 8128
5983 2594
5984 5806
5985 6916
5986 2595
5987 854
5988 7559
5989 9628
5990 2596
5991 855
5992 4613
5993 4614
5994 2597
5995 5807
5996 5266
5997 2598
5998 5808
5999 6229
6000 2599
6001 6230
6002 6231
6003 2600
6004 5809
6005 5810
6006 2601
6007 9652
6008 48
6009 3477
6010 5069
6011 856
6012 4615
6013 4616
6014 2602
6015 6809
6016 6810
6017 2603
6018 5811
6019 5812
6020 2604
6021 8405
6022 7452
6023 4011
6024 857
6025 6483
6026 6484
6027 2605
6028 4012
6029 9530
6030 858
6031 4617
6032 6653
6033 2606
6034 859
6035 9698
6036 4954
6037 2607
6038 4013
6039 8497
6040 9531
6041 860
6042 861
6043 5813
6044 7032
6045 2608
6046 8039
6047 8875
6048 2609
6049 7033
6050 8700
6051 862
6052 9369
6053 4014
6054 863
6055 8886
6056 8309
6057 4015
6058 864
6059 5814
6060 6232
6061 8774
6062 8873
6063 2610
6064 7291
6065 865
6066 4618
6067 4619
6068 2611
6069 7993
6070 5267
6071 866
6072 4620
6073 5815
6074 2612
6075 867
6076 5816
6077 9909
6078 9867
6079 4016
6080 868
6081 7292
6082 7293
6083 2613
6084 4017
6085 6233
6086 8104
6087 2614
6088 8853
6089 2615
6090 6234
6091 8854
6092 2616
6093 4018
6094 7642
6095 8993
6096 2617
6097 6485
6098 869
6099 3478
6100 4019
6101 8484
6102 9013
6103 870
6104 5817
6105 4621
6106 2618
6107 6486
6108 6487
6109 2619
6110 8647
6111 7294
6112 5818
6113 2620
6114 871
6115 9504
6116 8809
6117 872
6118 5819
6119 4622
6120 2621
6121 6488
6122 6489
6123 2622
6124 7295
6125 9256
6126 2623
6127 5268
6128 8235
6129 9912
6130 873
6131 6654
6132 9145
6133 874
6134 4623
6135 4624
6136 2624
6137 6655
6138 8643
6139 2625
6140 7936
6141 5269
6142 875
6143 7937
6144 5820
6145 2626
6146 7643
6147 7296
6148 2627
6149 5821
6150 5822
6151 2628
6152 9569
6153 9901
6154 2629
6155 7864
6156 5270
6157 876
6158 7712
6159 4625
6160 2630
6161 6917
6162 6490
6163 2631
6164 4020
6165 9386
6166 8285
6167 2632
6168 877
6169 6235
6170 4021
6171 8591
6172 7560
6173 2633
6174 878
6175 9006
6176 8994
6177 4022
6178 879
6179 6236
6180 8500
6181 2634
6182 7713
6183 7714
6184 2635
6185 4023
6186 6491
6187 7034
6188 2636
6189 4024
6190 7979
6191 8982
6192 2637
6193 5271
6194 9517
6195 880
6196 4626
6197 4627
6198 2638
6199 7810
6200 5272
6201 881
6202 6753
6203 4628
6204 2639
6205 6237
6206 6238
6207 2640
6208 8392
6209 8393
6210 2641
6211 4025
6212 5273
6213 9583
6214 882
6215 8236
6216 4026
6217 883
6218 7825
6219 8598
6220 2642
6221 9598
6222 5274
6223 2643
6224 9358
6225 7372
6226 884
6227 4629
6228 5823
6229 2644
6230 6754
6231 6755
6232 2645
6233 4027
6234 5275
6235 8448
6236 9983
6237 9026
6238 885
6239 4028
6240 8086
6241 886
6242 5824
6243 4955
6244 2646
6245 4029
6246 5276
6247 7373
6248 9643
6249 887
6250 6239
6251 9373
6252 2647
6253 4030
6254 9022
6255 888
6256 3479
6257 4630
6258 6240
6259 8250
6260 889
6261 890
6262 7938
6263 6492
6264 2648
6265 891
6266 5825
6267 7374
6268 9295
6269 2649
6270 6241
6271 6242
6272 2650
6273 4031
6274 9374
6275 2651
6276 5826
6277 5827
6278 2652
6279 6756
6280 6757
6281 2653
6282 5828
6283 5829
6284 2654
6285 6828
6286 6829
6287 2655
6288 5830
6289 5831
6290 2656
6291 7994
6292 7995
6293 2657
6294 5277
6295 7166
6296 8262
6297 2658
6298 4032
6299 9184
6300 892
6301 4033
6302 6656
6303 893
6304 3480
6305 4034
6306 9780
6307 894
6308 4631
6309 4632
6310 2659
6311 5832
6312 5278
6313 2660
6314 5833
6315 6243
6316 2661
6317 6657
6318 8286
6319 2662
6320 5834
6321 6918
6322 2663
6323 8574
6324 7893
6325 3610
6326 6919
6327 9493
6328 895
6329 896
6330 9836
6331 897
6332 7432
6333 4035
6334 9505
6335 8263
6336 898
6337 4633
6338 899
6339 8770
6340 6244
6341 2664
6342 7297
6343 7298
6344 2665
6345 4036
6346 5279
6347 8622
6348 7758
6349 2666
6350 900
6351 6658
6352 4956
6353 2667
6354 4037
6355 8717
6356 9599
6357 4038
6358 901
6359 7035
6360 6245
6361 2668
6362 9336
6363 902
6364 903
6365 9083
6366 6246
6367 2669
6368 4039
6369 8251
6370 904
6371 2670
6372 7561
6373 5280
6374 9822
6375 905
6376 4634
6377 4635
6378 2671
6379 5835
6380 5281
6381 906
6382 8007
6383 907
6384 4636
6385 4637
6386 2672
6387 5836
6388 5282
6389 2673
6390 4040
6391 6758
6392 7500
6393 2674
6394 908
6395 5837
6396 9482
6397 909
6398 4638
6399 5838
6400 2675
6401 8790
6402 6830
6403 2676
6404 5839
6405 5840
6406 2677
6407 6493
6408 6494
6409 2678
6410 7980
6411 910
6412 911
6413 4639
6414 6247
6415 8462
6416 2679
6417 9753
6418 912
6419 8521
6420 4640
6421 2680
6422 6248
6423 6249
6424 2681
6425 6659
6426 6660
6427 2682
6428 4041
6429 7433
6430 8851
6431 2683
6432 6920
6433 5841
6434 2684
6435 8321
6436 9125
6437 913
6438 914
6439 8652
6440 5842
6441 7167
6442 2685
6443 915
6444 9126
6445 4641
6446 2686
6447 8169
6448 8170
6449 2687
6450 5843
6451 6921
6452 2688
6453 916
6454 8453
6455 7715
6456 2689
6457 917
6458 6250
6459 4042
6460 8914
6461 918
6462 4642
6463 4643
6464 2690
6465 8472
6466 919
6467 7036
6468 4644
6469 920
6470 8758
6471 8682
6472 8571
6473 2691
6474 6495
6475 8345
6476 2692
6477 4043
6478 5283
6479 8087
6480 7981
6481 2693
6482 921
6483 6496
6484 4645
6485 2694
6486 7644
6487 7645
6488 2695
6489 5284
6490 9788
6491 922
6492 923
6493 3481
6494 4957
6495 7168
6496 2696
6497 7865
6498 7866
6499 2697
6500 5844
6501 8592
6502 2698
6503 8929
6504 8930
6505 2699
6506 4044
6507 6251
6508 9423
6509 2700
6510 7562
6511 9532
6512 2701
6513 8040
6514 5285
6515 924
6516 8426
6517 6497
6518 2702
6519 4045
6520 5286
6521 9893
6522 925
6523 4646
6524 4647
6525 2703
6526 5845
6527 5287
6528 2704
6529 7375
6530 926
6531 2705
6532 5846
6533 8326
6534 927
6535 4648
6536 4649
6537 2706
6538 5847
6539 928
6540 4650
6541 4651
6542 2707
6543 9257
6544 7453
6545 6252
6546 2708
6547 4046
6548 5288
6549 8554
6550 7867
6551 2709
6552 929
6553 8705
6554 9518
6555 930
6556 3482
6557 4958
6558 5289
6559 2710
6560 931
6561 6661
6562 8620
6563 2711
6564 7501
6565 7502
6566 3611
6567 9613
6568 7646
6569 9897
6570 4047
6571 932
6572 8421
6573 933
6574 934
6575 6253
6576 9661
6577 4048
6578 935
6579 7647
6580 7648
6581 2712
6582 936
6583 6662
6584 4959
6585 2713
6586 4049
6587 8209
6588 8210
6589 2714
6590 937
6591 5848
6592 7037
6593 7649
6594 2715
6595 938
6596 8735
6597 4050
6598 9653
6599 939
6600 4652
6601 7982
6602 2716
6603 7038
6604 7039
6605 3612
6606 8310
6607 940
6608 7299
6609 4960
6610 2717
6611 4051
6612 8595
6613 941
6614 3483
6615 4961
6616 8960
6617 2718
6618 6498
6619 6499
6620 2719
6621 4052
6622 7376
6623 7377
6624 2720
6625 942
6626 5849
6627 8063
6628 9654
6629 943
6630 5850
6631 4962
6632 2721
6633 4053
6634 5290
6635 9034
6636 944
6637 3484
6638 4963
6639 5291
6640 2722
6641 945
6642 7759
6643 7868
6644 2723
6645 8199
6646 6254
6647 2724
6648 4054
6649 7169
6650 8534
6651 2725
6652 9449
6653 946
6654 4653
6655 4654
6656 2726
6657 8947
6658 5292
6659 2727
6660 4055
6661 6500
6662 7170
6663 2728
6664 947
6665 7983
6666 948
6667 4964
6668 4965
6669 2729
6670 4056
6671 5293
6672 5294
6673 2730
6674 8949
6675 49
6676 4655
6677 3571
6678 2731
6679 4057
6680 5295
6681 7716
6682 2732
6683 949
6684 6501
6685 4656
6686 2733
6687 8327
6688 8766
6689 2734
6690 5851
6691 5852
6692 2735
6693 7171
6694 8971
6695 2736
6696 950
6697 8937
6698 7040
6699 951
6700 2737
6701 7894
6702 7869
6703 2738
6704 5296
6705 5853
6706 8522
6707 952
6708 4657
6709 4658
6710 2739
6711 7939
6712 5297
6713 2740
6714 8676
6715 6502
6716 953
6717 3485
6718 9106
6719 954
6720 4058
6721 4659
6722 7172
6723 955
6724 4966
6725 8669
6726 2741
6727 4059
6728 9258
6729 956
6730 957
6731 4660
6732 7173
6733 7826
6734 2742
6735 8272
6736 5854
6737 2743
6738 7650
6739 7651
6740 2744
6741 4060
6742 9483
6743 9885
6744 958
6745 959
6746 9584
6747 4061
6748 960
6749 6255
6750 4062
6751 2745
6752 9783
6753 9786
6754 961
6755 5855
6756 8684
6757 2746
6758 962
6759 6256
6760 963
6761 7786
6762 4063
6763 964
6764 3486
6765 4967
6766 5856
6767 2747
6768 6759
6769 6760
6770 2748
6771 6257
6772 6258
6773 2749
6774 4064
6775 9894
6776 965
6777 9840
6778 4968
6779 2750
6780 4065
6781 9890
6782 50
6783 4661
6784 3572
6785 2751
6786 4066
6787 5298
6788 6855
6789 5857
6790 2752
6791 7652
6792 8560
6793 2753
6794 6259
6795 9070
6796 2754
6797 4067
6798 8833
6799 8264
6800 2755
6801 966
6802 6503
6803 4662
6804 2756
6805 7563
6806 2757
6807 9519
6808 8707
6809 967
6810 4969
6811 4970
6812 2758
6813 4068
6814 5299
6815 5300
6816 2759
6817 968
6818 6663
6819 9045
6820 2760
6821 8926
6822 8088
6823 8454
6824 2761
6825 7041
6826 7042
6827 2762
6828 5301
6829 7300
6830 7471
6831 2763
6832 9259
6833 8957
6834 969
6835 8821
6836 970
6837 51
6838 4069
6839 5858
6840 7301
6841 971
6842 4663
6843 4664
6844 2764
6845 8468
6846 972
6847 973
6848 6260
6849 8938
6850 974
6851 975
6852 7940
6853 4070
6854 2765
6855 7503
6856 5859
6857 2766
6858 8677
6859 8678
6860 2767
6861 6261
6862 6262
6863 2768
6864 4071
6865 6664
6866 8569
6867 2769
6868 7504
6869 8328
6870 3613
6871 976
6872 8311
6873 5860
6874 7895
6875 2770
6876 7653
6877 7302
6878 2771
6879 6504
6880 6505
6881 2772
6882 4072
6883 5302
6884 9129
6885 977
6886 978
6887 6263
6888 8488
6889 979
6890 8041
6891 9350
6892 2773
6893 5303
6894 7505
6895 9245
6896 3614
6897 9443
6898 8681
6899 2774
6900 980
6901 5861
6902 8142
6903 2775
6904 5862
6905 7654
6906 2776
6907 981
6908 8559
6909 5304
6910 982
6911 9907
6912 5863
6913 9169
6914 2777
6915 6922
6916 9136
6917 983
6918 5864
6919 4971
6920 2778
6921 4073
6922 8129
6923 984
6924 7506
6925 4665
6926 2779
6927 6264
6928 6265
6929 2780
6930 8617
6931 985
6932 7870
6933 4074
6934 5865
6935 9270
6936 986
6937 987
6938 8409
6939 5305
6940 7507
6941 9777
6942 988
6943 6266
6944 989
6945 3487
6946 9046
6947 990
6948 6831
6949 4075
6950 991
6951 7174
6952 4666
6953 2781
6954 6267
6955 6268
6956 2782
6957 6665
6958 6666
6959 2783
6960 4076
6961 7798
6962 9213
6963 992
6964 5866
6965 4667
6966 2784
6967 7303
6968 7304
6969 2785
6970 6269
6971 993
6972 3488
6973 9937
6974 994
6975 4077
6976 52
6977 7827
6978 995
6979 6506
6980 9739
6981 996
6982 4078
6983 6270
6984 7043
6985 2786
6986 997
6987 9030
6988 9842
6989 998
6990 5867
6991 4668
6992 2787
6993 6761
6994 6762
6995 2788
6996 5868
6997 5869
6998 2789
6999 8611
7000 7760
7001 2790
7002 999
7003 9506
7004 9955
7005 7508
7006 1000
7007 9818
7008 8703
7009 7044
7010 2791
7011 1001
7012 6507
7013 4669
7014 2792
7015 7434
7016 7435
7017 2793
7018 5870
7019 5871
7020 2794
7021 7896
7022 8538
7023 9250
7024 2795
7025 4079
7026 6271
7027 1002
7028 9838
7029 53
7030 3489
7031 4972
7032 1003
7033 6508
7034 6509
7035 2796
7036 4080
7037 9194
7038 1004
7039 4670
7040 4671
7041 2797
7042 5872
7043 7454
7044 2798
7045 1005
7046 7378
7047 4672
7048 2799
7049 6272
7050 9600
7051 2800
7052 1006
7053 7761
7054 4973
7055 2801
7056 4081
7057 9130
7058 54
7059 4673
7060 1007
7061 8481
7062 6273
7063 2802
7064 7871
7065 7472
7066 1008
7067 9226
7068 4974
7069 1009
7070 3490
7071 8644
7072 1010
7073 4975
7074 4976
7075 2803
7076 4082
7077 5306
7078 8428
7079 2804
7080 6510
7081 6511
7082 2805
7083 4083
7084 7436
7085 1011
7086 4674
7087 5873
7088 2806
7089 8273
7090 8274
7091 2807
7092 6274
7093 6275
7094 2808
7095 4084
7096 6667
7097 7984
7098 2809
7099 1012
7100 7897
7101 6276
7102 2810
7103 1013
7104 7379
7105 1014
7106 3491
7107 4085
7108 8791
7109 9170
7110 9966
7111 4086
7112 1015
7113 9127
7114 55
7115 3492
7116 3573
7117 4977
7118 1016
7119 7305
7120 1017
7121 3493
7122 4675
7123 1018
7124 9260
7125 9905
7126 1019
7127 4676
7128 6668
7129 2811
7130 1020
7131 6763
7132 4978
7133 2812
7134 4087
7135 9592
7136 1021
7137 1022
7138 9107
7139 5874
7140 7828
7141 2813
7142 8653
7143 8654
7144 2814
7145 4088
7146 6277
7147 6923
7148 2815
7149 7564
7150 8064
7151 1023
7152 4979
7153 9507
7154 2816
7155 4089
7156 9467
7157 8953
7158 2817
7159 7655
7160 1024
7161 9671
7162 4677
7163 2818
7164 6278
7165 6924
7166 2819
7167 9585
7168 8329
7169 2820
7170 4090
7171 5307
7172 7306
7173 1025
7174 3494
7175 4980
7176 8840
7177 2821
7178 8698
7179 1026
7180 3495
7181 4981
7182 6279
7183 2822
7184 9084
7185 7717
7186 5875
7187 2823
7188 4091
7189 8211
7190 8570
7191 2824
7192 5876
7193 5877
7194 2825
7195 6512
7196 7762
7197 2826
7198 2827
7199 7763
7200 6513
7201 2828
7202 4092
7203 5308
7204 9214
7205 9688
7206 2829
7207 6280
7208 6281
7209 2830
7210 4093
7211 6764
7212 1027
7213 3496
7214 9237
7215 8967
7216 4094
7217 1028
7218 6514
7219 6515
7220 2831
7221 4095
7222 8969
7223 1029
7224 2832
7225 9614
7226 5309
7227 1030
7228 8864
7229 4678
7230 2833
7231 9131
7232 1031
7233 4679
7234 4680
7235 2834
7236 8137
7237 5310
7238 2835
7239 6282
7240 6283
7241 2836
7242 7307
7243 7656
7244 2837
7245 8794
7246 5311
7247 9185
7248 1032
7249 4982
7250 4983
7251 2838
7252 4096
7253 9064
7254 6516
7255 9444
7256 1033
7257 1034
7258 8105
7259 4681
7260 2839
7261 6284
7262 6925
7263 2840
7264 1035
7265 7718
7266 8773
7267 2841
7268 4097
7269 9862
7270 1036
7271 9839
7272 1037
7273 8599
7274 4682
7275 2842
7276 6285
7277 8771
7278 2843
7279 9238
7280 7829
7281 8349
7282 2844
7283 6517
7284 1038
7285 3497
7286 4098
7287 9872
7288 9296
7289 1039
7290 3498
7291 4984
7292 7045
7293 2845
7294 8237
7295 56
7296 1389
7297 2846
7298 2847
7299 3581
7300 1040
7301 3499
7302 6518
7303 7941
7304 2848
7305 1041
7306 7898
7307 4683
7308 2849
7309 9108
7310 7175
7311 2850
7312 5878
7313 9109
7314 2851
7315 9094
7316 1042
7317 8759
7318 4684
7319 2852
7320 6519
7321 5879
7322 1043
7323 9815
7324 1044
7325 3500
7326 4985
7327 7308
7328 2853
7329 8508
7330 1045
7331 4685
7332 4686
7333 2854
7334 5880
7335 5312
7336 2855
7337 5881
7338 6286
7339 2856
7340 6287
7341 6288
7342 2857
7343 7046
7344 8835
7345 2858
7346 7719
7347 5313
7348 1046
7349 9570
7350 4687
7351 2859
7352 6289
7353 9473
7354 1047
7355 57
7356 8265
7357 3574
7358 2860
7359 4688
7360 6765
7361 9629
7362 2861
7363 6290
7364 6291
7365 2862
7366 4099
7367 9655
7368 9533
7369 2863
7370 1048
7371 8655
7372 1049
7373 4689
7374 5882
7375 2864
7376 1050
7377 7309
7378 7176
7379 5314
7380 2865
7381 9601
7382 7657
7383 2866
7384 4100
7385 9998
7386 9615
7387 1051
7388 4690
7389 4691
7390 2867
7391 5883
7392 5315
7393 2868
7394 5884
7395 6520
7396 2869
7397 4101
7398 7437
7399 1052
7400 4102
7401 6292
7402 8721
7403 2870
7404 8089
7405 1053
7406 8603
7407 4986
7408 2871
7409 4103
7410 6521
7411 7047
7412 2872
7413 8382
7414 1054
7415 3501
7416 4104
7417 5316
7418 9593
7419 7509
7420 9450
7421 1055
7422 5885
7423 4692
7424 2873
7425 6522
7426 6523
7427 2874
7428 9855
7429 9973
7430 2875
7431 6926
7432 8513
7433 2876
7434 9261
7435 9297
7436 2877
7437 1056
7438 8629
7439 4987
7440 2878
7441 4105
7442 6524
7443 7177
7444 2879
7445 1057
7446 8784
7447 1058
7448 4693
7449 6669
7450 2880
7451 1059
7452 6670
7453 4694
7454 2881
7455 8675
7456 7764
7457 1060
7458 9322
7459 4695
7460 2882
7461 9337
7462 5886
7463 1061
7464 9323
7465 4696
7466 2883
7467 6671
7468 6672
7469 2884
7470 5887
7471 5888
7472 2885
7473 6811
7474 6812
7475 2886
7476 4106
7477 7310
7478 9820
7479 2887
7480 8188
7481 1062
7482 4988
7483 4989
7484 2888
7485 4107
7486 6832
7487 1063
7488 3502
7489 4990
7490 5889
7491 2889
7492 7720
7493 7721
7494 2890
7495 5890
7496 8877
7497 2891
7498 1064
7499 8881
7500 4108
7501 1065
7502 7048
7503 4697
7504 2892
7505 7565
7506 9586
7507 2893
7508 8252
7509 8517
7510 2894
7511 8737
7512 5891
7513 2895
7514 7049
7515 7050
7516 2896
7517 8779
7518 1066
7519 1067
7520 7311
7521 7996
7522 2897
7523 4109
7524 6293
7525 8878
7526 2898
7527 8312
7528 9370
7529 1068
7530 3503
7531 5892
7532 8920
7533 1069
7534 4110
7535 6766
7536 1070
7537 3504
7538 4111
7539 8162
7540 9186
7541 58
7542 4698
7543 8171
7544 2899
7545 7380
7546 7381
7547 2900
7548 5893
7549 5894
7550 2901
7551 6525
7552 8635
7553 2902
7554 9733
7555 9728
7556 4112
7557 1071
7558 7178
7559 7179
7560 2903
7561 8189
7562 5317
7563 1072
7564 8190
7565 4699
7566 2904
7567 7312
7568 7899
7569 1073
7570 5895
7571 6526
7572 2905
7573 1074
7574 9667
7575 9799
7576 59
7577 3505
7578 4991
7579 1075
7580 7313
7581 6673
7582 2906
7583 4113
7584 5318
7585 8118
7586 9132
7587 1076
7588 5896
7589 4992
7590 2907
7591 4114
7592 5319
7593 7465
7594 1077
7595 4700
7596 4701
7597 2908
7598 5897
7599 5320
7600 2909
7601 5898
7602 6927
7603 2910
7604 1078
7605 9271
7606 1079
7607 3506
7608 4115
7609 6928
7610 5899
7611 2911
7612 8090
7613 8091
7614 2912
7615 4116
7616 7811
7617 7180
7618 2913
7619 6294
7620 6295
7621 2914
7622 4117
7623 8212
7624 8529
7625 2915
7626 4118
7627 9028
7628 9910
7629 2916
7630 5900
7631 5901
7632 2917
7633 7314
7634 7315
7635 2918
7636 6296
7637 9394
7638 2919
7639 4119
7640 7997
7641 1080
7642 3507
7643 4120
7644 6527
7645 1081
7646 4702
7647 9708
7648 2920
7649 1082
7650 9014
7651 1083
7652 4121
7653 6297
7654 7051
7655 2921
7656 1084
7657 8727
7658 2922
7659 4122
7660 7316
7661 1085
7662 4123
7663 4703
7664 9672
7665 9825
7666 1086
7667 4124
7668 6298
7669 6929
7670 2923
7671 7658
7672 7659
7673 2924
7674 5321
7675 9508
7676 60
7677 1087
7678 6299
7679 4704
7680 2925
7681 6767
7682 6930
7683 2926
7684 5902
7685 5903
7686 2927
7687 7998
7688 5904
7689 2928
7690 7052
7691 7053
7692 2929
7693 8942
7694 1088
7695 4705
7696 4706
7697 2930
7698 5905
7699 5322
7700 2931
7701 4125
7702 6674
7703 7780
7704 2932
7705 4126
7706 9644
7707 9246
7708 1089
7709 4993
7710 4994
7711 2933
7712 4127
7713 5323
7714 5906
7715 1090
7716 7830
7717 1091
7718 6300
7719 1092
7720 1093
7721 8322
7722 1094
7723 4128
7724 4707
7725 7660
7726 8931
7727 1095
7728 7317
7729 4129
7730 1096
7731 7054
7732 4995
7733 2934
7734 4130
7735 5324
7736 8541
7737 9952
7738 1097
7739 7318
7740 4131
7741 1098
7742 7661
7743 4132
7744 1099
7745 6301
7746 4133
7747 8687
7748 1100
7749 4996
7750 4997
7751 2935
7752 4134
7753 9509
7754 1101
7755 4708
7756 5907
7757 2936
7758 7985
7759 1102
7760 4135
7761 6302
7762 7566
7763 2937
7764 1103
7765 7181
7766 4136
7767 9724
7768 8961
7769 2938
7770 5908
7771 5909
7772 2939
7773 6528
7774 6529
7775 2940
7776 7055
7777 8932
7778 1104
7779 5910
7780 4709
7781 2941
7782 8119
7783 7765
7784 8416
7785 2942
7786 4137
7787 5325
7788 9587
7789 1105
7790 3508
7791 4138
7792 6303
7793 4710
7794 1106
7795 7382
7796 7722
7797 2943
7798 4139
7799 5326
7800 9351
7801 1107
7802 1108
7803 6304
7804 4711
7805 2944
7806 7182
7807 7799
7808 3615
7809 8837
7810 1109
7811 4712
7812 1110
7813 7183
7814 7184
7815 2945
7816 9057
7817 5911
7818 2946
7819 7900
7820 7901
7821 2947
7822 8449
7823 6931
7824 4713
7825 1111
7826 3509
7827 8618
7828 8904
7829 2948
7830 5912
7831 8365
7832 2949
7833 1112
7834 4714
7835 7185
7836 1113
7837 1114
7838 6675
7839 4715
7840 2950
7841 8916
7842 9945
7843 9146
7844 2951
7845 6305
7846 6306
7847 2952
7848 4140
7849 9110
7850 61
7851 9979
7852 3510
7853 62
7854 6307
7855 3511
7856 8463
7857 8025
7858 1115
7859 8995
7860 4998
7861 2953
7862 4141
7863 5327
7864 7383
7865 1116
7866 4999
7867 8887
7868 2954
7869 4142
7870 5328
7871 8200
7872 8679
7873 2955
7874 5913
7875 6932
7876 2956
7877 7567
7878 7186
7879 2957
7880 9754
7881 9685
7882 4716
7883 1117
7884 3512
7885 6833
7886 8401
7887 2958
7888 5914
7889 5915
7890 2959
7891 6530
7892 6531
7893 2960
7894 8130
7895 8762
7896 2961
7897 5916
7898 5917
7899 2962
7900 7766
7901 7767
7902 2963
7903 4143
7904 6308
7905 7568
7906 2964
7907 1118
7908 7187
7909 4144
7910 9946
7911 1119
7912 5918
7913 7569
7914 2965
7915 1120
7916 7188
7917 4145
7918 9926
7919 1121
7920 4717
7921 7384
7922 2966
7923 1122
7924 7385
7925 4718
7926 2967
7927 6309
7928 8191
7929 2968
7930 9637
7931 7787
7932 1123
7933 1124
7934 4719
7935 4720
7936 2969
7937 5919
7938 5329
7939 2970
7940 4146
7941 9262
7942 9272
7943 3616
7944 7662
7945 1125
7946 3513
7947 4147
7948 5055
7949 1126
7950 3514
7951 8777
7952 1127
7953 1128
7954 6532
7955 8192
7956 2971
7957 4148
7958 7455
7959 8978
7960 1129
7961 4721
7962 4722
7963 2972
7964 5920
7965 5330
7966 2973
7967 4149
7968 9915
7969 9800
7970 1130
7971 4723
7972 1131
7973 9221
7974 7189
7975 2974
7976 5921
7977 8990
7978 2975
7979 1132
7980 8586
7981 8435
7982 2976
7983 5331
7984 7768
7985 9435
7986 1133
7987 5922
7988 4724
7989 2977
7990 6676
7991 6310
7992 1134
7993 9458
7994 9689
7995 2978
7996 8751
7997 9722
7998 1135
7999 4725
8000 4726
8001 2979
8002 5923
8003 5332
8004 2980
8005 4150
8006 6768
8007 8220
8008 2981
8009 5333
8010 7663
8011 1136
8012 9534
8013 4151
8014 2982
8015 9630
8016 1137
8017 7319
8018 5000
8019 2983
8020 4152
8021 7942
8022 8292
8023 2984
8024 4153
8025 5924
8026 9935
8027 9747
8028 2985
8029 8895
8030 5925
8031 2986
8032 7570
8033 7571
8034 2987
8035 8897
8036 5926
8037 2988
8038 7902
8039 9052
8040 2989
8041 5927
8042 8383
8043 2990
8044 8726
8045 8637
8046 9195
8047 2991
8048 5928
8049 5929
8050 2992
8051 7386
8052 1138
8053 4727
8054 5930
8055 2993
8056 63
8057 9196
8058 5931
8059 8445
8060 2994
8061 7831
8062 7572
8063 2995
8064 5334
8065 9964
8066 9961
8067 5335
8068 2996
8069 7056
8070 8253
8071 2997
8072 1139
8073 9281
8074 5932
8075 3617
8076 8616
8077 1140
8078 9765
8079 6311
8080 2998
8081 4154
8082 8464
8083 9071
8084 2999
8085 1141
8086 7057
8087 4728
8088 1142
8089 7903
8090 9058
8091 1143
8092 5933
8093 6312
8094 3000
8095 9520
8096 9387
8097 1144
8098 3515
8099 6677
8100 1145
8101 4729
8102 5934
8103 3001
8104 9273
8105 7320
8106 3002
8107 8172
8108 8173
8109 3003
8110 4155
8111 5336
8112 6313
8113 9645
8114 1146
8115 7664
8116 8330
8117 1147
8118 6314
8119 4156
8120 1148
8121 8674
8122 1149
8123 1150
8124 6533
8125 5001
8126 3004
8127 4157
8128 6678
8129 8831
8130 3005
8131 3006
8132 7872
8133 6933
8134 3007
8135 9474
8136 8757
8137 5337
8138 3008
8139 8587
8140 6934
8141 8022
8142 1151
8143 9263
8144 9215
8145 7573
8146 3009
8147 1152
8148 8213
8149 4730
8150 3010
8151 6315
8152 9338
8153 3011
8154 1153
8155 9282
8156 4731
8157 1154
8158 6679
8159 6680
8160 3012
8161 5935
8162 5936
8163 3013
8164 8394
8165 7387
8166 3014
8167 9307
8168 1155
8169 64
8170 7456
8171 3575
8172 3015
8173 4158
8174 5338
8175 4732
8176 1156
8177 8266
8178 6534
8179 3016
8180 9535
8181 9927
8182 3017
8183 5937
8184 5938
8185 3018
8186 6535
8187 6935
8188 3019
8189 7510
8190 8460
8191 8143
8192 7058
8193 3020
8194 1157
8195 9956
8196 4159
8197 1158
8198 4733
8199 7904
8200 3021
8201 8384
8202 1159
8203 4734
8204 6936
8205 3022
8206 65
8207 9007
8208 3023
8209 5939
8210 5940
8211 3024
8212 8092
8213 9339
8214 3025
8215 5941
8216 9008
8217 3026
8218 8693
8219 1160
8220 3516
8221 6681
8222 1161
8223 3517
8224 5002
8225 7943
8226 3027
8227 1162
8228 7986
8229 5003
8230 3028
8231 4160
8232 8882
8233 7321
8234 1163
8235 3518
8236 5056
8237 8331
8238 3029
8239 4161
8240 9388
8241 1164
8242 3519
8243 5070
8244 1165
8245 4735
8246 4736
8247 3030
8248 6769
8249 6770
8250 3031
8251 4162
8252 9459
8253 66
8254 1166
8255 6536
8256 8729
8257 3032
8258 4163
8259 7574
8260 8218
8261 3618
8262 1167
8263 8214
8264 4737
8265 3033
8266 6537
8267 6538
8268 3034
8269 4164
8270 6813
8271 8487
8272 3035
8273 5942
8274 5943
8275 3036
8276 7723
8277 7724
8278 3037
8279 8785
8280 5944
8281 3038
8282 9877
8283 9222
8284 3039
8285 5945
8286 5946
8287 3040
8288 7322
8289 7323
8290 3041
8291 5947
8292 7769
8293 3042
8294 1168
8295 7770
8296 6316
8297 3043
8298 1169
8299 8346
8300 1170
8301 4738
8302 7944
8303 3044
8304 6317
8305 7059
8306 1171
8307 7665
8308 8765
8309 3045
8310 4165
8311 9227
8312 1172
8313 4739
8314 4740
8315 3046
8316 5339
8317 6771
8318 8450
8319 3047
8320 4166
8321 7190
8322 9053
8323 1173
8324 7905
8325 1174
8326 6539
8327 4167
8328 1175
8329 7060
8330 4741
8331 3048
8332 9216
8333 9865
8334 3049
8335 5948
8336 5949
8337 3050
8338 6540
8339 6541
8340 3051
8341 9116
8342 7324
8343 1176
8344 4168
8345 4742
8346 8275
8347 9137
8348 3052
8349 5950
8350 5951
8351 3053
8352 6542
8353 6543
8354 3054
8355 7666
8356 8651
8357 3055
8358 8846
8359 5340
8360 9725
8361 1177
8362 3520
8363 4169
8364 8891
8365 1178
8366 3521
8367 5004
8368 9860
8369 3056
8370 6318
8371 6319
8372 3057
8373 7191
8374 9588
8375 3619
8376 3058
8377 8607
8378 6937
8379 8026
8380 3059
8381 1179
8382 8885
8383 7192
8384 3060
8385 1180
8386 6320
8387 4170
8388 9340
8389 9424
8390 3061
8391 9217
8392 9925
8393 1181
8394 4171
8395 7438
8396 3062
8397 5952
8398 5953
8399 3063
8400 6772
8401 6773
8402 3064
8403 5954
8404 5955
8405 3065
8406 8294
8407 9298
8408 1182
8409 6321
8410 4743
8411 3066
8412 7781
8413 7782
8414 3067
8415 7061
8416 7062
8417 3068
8418 7388
8419 5341
8420 1183
8421 7389
8422 4744
8423 3069
8424 8008
8425 1184
8426 6544
8427 4172
8428 1185
8429 7063
8430 4745
8431 3070
8432 8563
8433 1186
8434 3522
8435 6545
8436 3071
8437 4173
8438 7575
8439 7832
8440 3620
8441 1187
8442 9299
8443 1188
8444 3523
8445 5005
8446 1189
8447 7064
8448 7193
8449 3072
8450 7945
8451 7946
8452 3073
8453 4174
8454 5342
8455 6322
8456 1190
8457 9228
8458 9789
8459 7800
8460 9759
8461 9768
8462 3074
8463 7065
8464 7066
8465 3075
8466 7325
8467 5343
8468 8313
8469 8639
8470 3076
8471 7326
8472 9000
8473 1191
8474 8983
8475 4746
8476 1192
8477 6682
8478 6683
8479 3077
8480 4175
8481 5344
8482 7947
8483 1193
8484 4176
8485 8996
8486 8991
8487 3078
8488 7194
8489 7195
8490 3079
8491 5345
8492 5956
8493 9695
8494 1194
8495 6546
8496 1195
8497 5006
8498 4177
8499 1196
8500 7390
8501 8395
8502 3080
8503 4178
8504 9017
8505 1197
8506 3524
8507 6547
8508 8352
8509 1198
8510 5957
8511 4747
8512 3081
8513 8712
8514 8009
8515 3621
8516 1199
8517 7725
8518 4748
8519 3082
8520 7391
8521 7392
8522 3083
8523 9274
8524 5958
8525 3084
8526 7067
8527 7068
8528 3085
8529 8604
8530 8605
8531 3086
8532 5346
8533 7069
8534 7906
8535 3087
8536 8353
8537 1200
8538 4749
8539 1201
8540 7667
8541 7668
8542 3088
8543 5959
8544 9602
8545 1202
8546 7070
8547 9848
8548 3089
8549 9521
8550 1203
8551 3525
8552 4179
8553 7907
8554 8254
8555 3090
8556 1204
8557 9059
8558 4750
8559 3091
8560 8789
8561 7393
8562 1205
8563 5007
8564 5960
8565 3092
8566 4180
8567 5347
8568 8546
8569 1206
8570 8201
8571 4751
8572 3093
8573 6684
8574 6685
8575 3094
8576 5961
8577 5962
8578 3095
8579 6834
8580 6835
8581 3096
8582 4181
8583 5348
8584 9054
8585 7669
8586 3097
8587 1207
8588 9072
8589 3098
8590 5963
8591 5964
8592 3099
8593 8010
8594 6774
8595 3100
8596 4182
8597 5349
8598 9073
8599 8573
8600 3101
8601 1208
8602 7196
8603 7670
8604 3102
8605 4183
8606 8255
8607 3103
8608 4184
8609 7197
8610 9074
8611 3104
8612 9895
8613 5350
8614 3105
8615 9536
8616 5965
8617 3106
8618 7327
8619 7328
8620 3107
8621 4185
8622 5351
8623 9375
8624 7908
8625 3108
8626 1209
8627 8366
8628 4186
8629 9616
8630 8811
8631 3109
8632 1210
8633 6548
8634 4752
8635 3110
8636 9376
8637 9812
8638 1211
8639 1212
8640 6836
8641 4753
8642 3111
8643 6323
8644 6324
8645 3112
8646 6686
8647 6687
8648 3113
8649 4187
8650 7783
8651 1213
8652 1214
8653 4754
8654 8894
8655 1215
8656 3526
8657 4755
8658 9451
8659 1216
8660 4756
8661 4757
8662 3114
8663 5966
8664 9405
8665 3115
8666 6325
8667 7909
8668 3116
8669 8332
8670 1217
8671 4758
8672 8704
8673 3117
8674 7198
8675 7576
8676 3118
8677 5967
8678 7788
8679 3119
8680 1218
8681 7789
8682 4759
8683 3120
8684 6326
8685 6327
8686 3121
8687 9997
8688 9850
8689 3122
8690 5968
8691 6938
8692 3123
8693 8722
8694 7394
8695 3124
8696 6328
8697 6329
8698 3125
8699 4188
8700 8193
8701 1219
8702 4760
8703 9699
8704 1220
8705 7329
8706 1221
8707 5969
8708 4761
8709 3126
8710 9571
8711 1222
8712 4762
8713 1223
8714 6688
8715 6689
8716 3127
8717 5970
8718 5971
8719 3128
8720 9159
8721 7439
8722 3129
8723 5972
8724 8692
8725 3130
8726 1224
8727 7784
8728 5008
8729 3131
8730 4189
8731 5352
8732 9990
8733 9468
8734 1225
8735 67
8736 4763
8737 7199
8738 9171
8739 3132
8740 5973
8741 9038
8742 3133
8743 8229
8744 8555
8745 3622
8746 3134
8747 8719
8748 9445
8749 4190
8750 1226
8751 8934
8752 6549
8753 3135
8754 4191
8755 9510
8756 1227
8757 3527
8758 5009
8759 8935
8760 3136
8761 1228
8762 7200
8763 7873
8764 3137
8765 8226
8766 8417
8767 3623
8768 1229
8769 9111
8770 4764
8771 3138
8772 6330
8773 9638
8774 3139
8775 7201
8776 1230
8777 3528
8778 8943
8779 1231
8780 5010
8781 5011
8782 3140
8783 4192
8784 5353
8785 8131
8786 3141
8787 4193
8788 5354
8789 9075
8790 9603
8791 1232
8792 4194
8793 9032
8794 6550
8795 1233
8796 5012
8797 5013
8798 3142
8799 4195
8800 9033
8801 9324
8802 3143
8803 5974
8804 8385
8805 3144
8806 7202
8807 7511
8808 1234
8809 4196
8810 9283
8811 9511
8812 8871
8813 9359
8814 3145
8815 6551
8816 8227
8817 1235
8818 5014
8819 5015
8820 3146
8821 4197
8822 9902
8823 9941
8824 3147
8825 5975
8826 5976
8827 3148
8828 6775
8829 6776
8830 3149
8831 6331
8832 6332
8833 3150
8834 4198
8835 6837
8836 8402
8837 3151
8838 4199
8839 7910
8840 1236
8841 3529
8842 6333
8843 1237
8844 9996
8845 1238
8846 4765
8847 1239
8848 7203
8849 7204
8850 3152
8851 5977
8852 7440
8853 3153
8854 1240
8855 3530
8856 8575
8857 1241
8858 1242
8859 5016
8860 5978
8861 3154
8862 4200
8863 7794
8864 1243
8865 9744
8866 4766
8867 1244
8868 6690
8869 6691
8870 3155
8871 5979
8872 5980
8873 3156
8874 6838
8875 6839
8876 3157
8877 5981
8878 5982
8879 3158
8880 9325
8881 9995
8882 1245
8883 3531
8884 4201
8885 5057
8886 1246
8887 3532
8888 8984
8889 1247
8890 4202
8891 4203
8892 1248
8893 9522
8894 1249
8895 3533
8896 6552
8897 1250
8898 3534
8899 9395
8900 8872
8901 1251
8902 5017
8903 4204
8904 1252
8905 7071
8906 7874
8907 3159
8908 4205
8909 8979
8910 1253
8911 5018
8912 5019
8913 3160
8914 4206
8915 5355
8916 8482
8917 3161
8918 7726
8919 8856
8920 1254
8921 5356
8922 7072
8923 7473
8924 3162
8925 9745
8926 8801
8927 3163
8928 5983
8929 5984
8930 3164
8931 7330
8932 9452
8933 1255
8934 5985
8935 8502
8936 3165
8937 8120
8938 8121
8939 3166
8940 5986
8941 5987
8942 3167
8943 6553
8944 6554
8945 3168
8946 9206
8947 7395
8948 3169
8949 6555
8950 6556
8951 3170
8952 4207
8953 5357
8954 9018
8955 9891
8956 1256
8957 3171
8958 9686
8959 1257
8960 4767
8961 4768
8962 3172
8963 6849
8964 1258
8965 4769
8966 4770
8967 3173
8968 5988
8969 5358
8970 3174
8971 5989
8972 6334
8973 3175
8974 6692
8975 6693
8976 3176
8977 5990
8978 9264
8979 3177
8980 8542
8981 8543
8982 3178
8983 5991
8984 5992
8985 3179
8986 7205
8987 7948
8988 9552
8989 3180
8990 5993
8991 6939
8992 3181
8993 9095
8994 1259
8995 3535
8996 8788
8997 5359
8998 1260
8999 68
9000 4771
9001 7073
9002 8333
9003 1261
9004 1262
9005 6335
9006 4772
9007 3182
9008 7396
9009 7397
9010 3183
9011 5994
9012 6940
9013 3184
9014 8819
9015 8912
9016 3185
9017 9197
9018 1263
9019 4773
9020 8011
9021 3186
9022 6694
9023 6695
9024 3187
9025 4208
9026 5360
9027 9475
9028 9938
9029 8334
9030 3188
9031 5995
9032 5996
9033 3189
9034 6941
9035 6557
9036 3190
9037 7577
9038 7578
9039 3624
9040 8601
9041 1264
9042 4774
9043 4775
9044 3191
9045 8883
9046 5361
9047 7206
9048 8889
9049 3192
9050 4209
9051 5362
9052 8093
9053 1265
9054 4210
9055 4776
9056 6696
9057 1266
9058 4777
9059 4778
9060 3193
9061 8781
9062 1267
9063 4779
9064 7949
9065 3194
9066 7207
9067 7579
9068 3195
9069 5997
9070 8469
9071 3196
9072 9604
9073 69
9074 1268
9075 7833
9076 8174
9077 5363
9078 3197
9079 8367
9080 8368
9081 3198
9082 6942
9083 6336
9084 3199
9085 4211
9086 7441
9087 8776
9088 3200
9089 5998
9090 5999
9091 3201
9092 8576
9093 9218
9094 9138
9095 6000
9096 3202
9097 1269
9098 7208
9099 7512
9100 3203
9101 8850
9102 1270
9103 4212
9104 9436
9105 8826
9106 3204
9107 6001
9108 6002
9109 3205
9110 6558
9111 8691
9112 3206
9113 1271
9114 7580
9115 8418
9116 3207
9117 9133
9118 1272
9119 4780
9120 4781
9121 3208
9122 6943
9123 5364
9124 8027
9125 1273
9126 9756
9127 6337
9128 3209
9129 4213
9130 8490
9131 9991
9132 1274
9133 6559
9134 1275
9135 4214
9136 4782
9137 9476
9138 1276
9139 3536
9140 4215
9141 6697
9142 1277
9143 5020
9144 4216
9145 1278
9146 7331
9147 7581
9148 3210
9149 8267
9150 1279
9151 4783
9152 4784
9153 3211
9154 6003
9155 9096
9156 1280
9157 4217
9158 4785
9159 7671
9160 1281
9161 6004
9162 9065
9163 3212
9164 6005
9165 7727
9166 3213
9167 8369
9168 1282
9169 3537
9170 5058
9171 7950
9172 3214
9173 4218
9174 6840
9175 9572
9176 3215
9177 6006
9178 6007
9179 3216
9180 6560
9181 6561
9182 3217
9183 8625
9184 1283
9185 8106
9186 4786
9187 3218
9188 9425
9189 6338
9190 3219
9191 7672
9192 7673
9193 3220
9194 4219
9195 6698
9196 1284
9197 5021
9198 5022
9199 3221
9200 4220
9201 9117
9202 1285
9203 70
9204 9175
9205 3576
9206 3222
9207 4221
9208 5365
9209 5366
9210 3223
9211 1286
9212 9553
9213 1287
9214 6008
9215 4787
9216 3224
9217 6777
9218 6778
9219 3225
9220 6339
9221 6340
9222 3226
9223 4222
9224 7457
9225 8293
9226 3227
9227 6562
9228 1288
9229 3538
9230 4223
9231 8860
9232 9019
9233 3228
9234 4224
9235 7582
9236 3229
9237 8419
9238 6563
9239 3230
9240 4225
9241 5367
9242 8997
9243 1289
9244 3539
9245 6564
9246 9020
9247 1290
9248 6009
9249 4788
9250 3231
9251 7398
9252 7399
9253 3232
9254 7790
9255 5368
9256 1291
9257 7791
9258 4789
9259 3233
9260 8122
9261 6341
9262 3234
9263 7209
9264 7210
9265 3235
9266 4226
9267 9718
9268 1292
9269 3540
9270 5071
9271 1293
9272 4790
9273 4791
9274 3236
9275 6699
9276 6700
9277 3237
9278 7211
9279 7212
9280 3625
9281 9737
9282 9797
9283 5369
9284 3238
9285 7074
9286 7075
9287 3239
9288 9207
9289 9239
9290 3240
9291 7674
9292 6010
9293 3241
9294 9639
9295 9415
9296 3242
9297 4227
9298 9047
9299 9748
9300 1294
9301 4228
9302 7213
9303 8696
9304 3243
9305 6011
9306 1295
9307 8865
9308 8314
9309 9729
9310 3244
9311 4229
9312 7214
9313 1296
9314 4792
9315 9554
9316 3245
9317 8489
9318 7875
9319 8927
9320 3246
9321 4230
9322 9668
9323 8958
9324 3247
9325 6012
9326 6013
9327 3248
9328 6779
9329 6780
9330 3249
9331 6342
9332 6343
9333 3250
9334 4231
9335 9617
9336 7795
9337 3251
9338 6014
9339 6015
9340 3252
9341 6565
9342 6944
9343 3253
9344 9646
9345 1297
9346 5023
9347 5024
9348 3254
9349 4232
9350 6841
9351 1298
9352 5025
9353 5026
9354 3255
9355 4233
9356 5370
9357 8458
9358 3256
9359 7675
9360 7676
9361 3257
9362 6016
9363 9469
9364 1299
9365 8202
9366 9341
9367 1300
9368 9989
9369 4234
9370 1301
9371 9411
9372 4235
9373 1302
9374 8985
9375 1303
9376 3541
9377 6566
9378 1304
9379 8695
9380 4793
9381 3258
9382 7583
9383 8230
9384 3626
9385 8509
9386 1305
9387 7584
9388 6017
9389 9426
9390 3259
9391 8065
9392 1306
9393 6344
9394 5027
9395 3260
9396 4236
9397 9555
9398 1307
9399 8633
9400 1308
9401 4794
9402 4795
9403 3261
9404 6018
9405 6945
9406 3262
9407 4237
9408 6781
9409 9760
9410 3263
9411 6019
9412 6020
9413 3264
9414 7458
9415 8136
9416 3265
9417 4238
9418 5371
9419 9326
9420 1309
9421 6021
9422 3266
9423 7728
9424 1310
9425 4796
9426 6701
9427 3267
9428 1311
9429 6782
9430 5028
9431 3268
9432 4239
9433 8905
9434 1312
9435 3542
9436 5029
9437 8422
9438 3269
9439 6345
9440 7911
9441 3270
9442 9118
9443 1313
9444 4797
9445 7513
9446 3271
9447 8899
9448 8354
9449 3272
9450 1314
9451 8144
9452 1315
9453 9870
9454 4240
9455 1316
9456 9208
9457 4798
9458 3273
9459 6346
9460 7677
9461 3274
9462 71
9463 9416
9464 5030
9465 3275
9466 1317
9467 6022
9468 7400
9469 8842
9470 3276
9471 4241
9472 6347
9473 1318
9474 8754
9475 8335
9476 1319
9477 3543
9478 5031
9479 9774
9480 3277
9481 6348
9482 7987
9483 3278
9484 1320
9485 7951
9486 4799
9487 3279
9488 7442
9489 6349
9490 3280
9491 8792
9492 8523
9493 1321
9494 4800
9495 1322
9496 6702
9497 6703
9498 3281
9499 6023
9500 6024
9501 3282
9502 9967
9503 9921
9504 4242
9505 1323
9506 7215
9507 7585
9508 3283
9509 8203
9510 5372
9511 9308
9512 1324
9513 8966
9514 1325
9515 8298
9516 6946
9517 8868
9518 1326
9519 4243
9520 7586
9521 7587
9522 3284
9523 1327
9524 6350
9525 4244
9526 9076
9527 1328
9528 4801
9529 4802
9530 3285
9531 6025
9532 5373
9533 3286
9534 4245
9535 5374
9536 6856
9537 8503
9538 1329
9539 4803
9540 4804
9541 3287
9542 9871
9543 72
9544 5032
9545 3577
9546 3288
9547 9265
9548 1330
9549 3544
9550 5033
9551 7332
9552 3289
9553 6704
9554 8287
9555 3290
9556 6026
9557 6027
9558 3291
9559 8824
9560 3292
9561 6028
9562 6029
9563 3293
9564 6567
9565 6568
9566 3294
9567 7401
9568 1331
9569 4805
9570 4806
9571 3295
9572 9965
9573 1332
9574 9677
9575 4807
9576 3296
9577 9715
9578 7792
9579 3297
9580 6351
9581 6352
9582 3298
9583 4246
9584 6845
9585 6947
9586 3299
9587 6030
9588 6031
9589 3300
9590 6783
9591 6784
9592 3301
9593 6032
9594 6033
9595 3302
9596 7466
9597 7467
9598 3303
9599 6034
9600 6035
9601 3304
9602 6785
9603 6786
9604 3305
9605 6036
9606 6037
9607 3306
9608 8223
9609 8224
9610 3307
9611 4247
9612 6353
9613 7588
9614 3308
9615 1333
9616 7333
9617 4808
9618 3309
9619 7952
9620 7953
9621 3310
9622 6038
9623 6039
9624 3311
9625 6569
9626 9781
9627 1334
9628 73
9629 9594
9630 4809
9631 3312
9632 9085
9633 6857
9634 3313
9635 4248
9636 7729
9637 8728
9638 3314
9639 6040
9640 6948
9641 3315
9642 8347
9643 1335
9644 5034
9645 5035
9646 3316
9647 4249
9648 5375
9649 9556
9650 4250
9651 1336
9652 7334
9653 6705
9654 3317
9655 4251
9656 7912
9657 7999
9658 3627
9659 1337
9660 7514
9661 4810
9662 3318
9663 6354
9664 6355
9665 3319
9666 9077
9667 1338
9668 5036
9669 6041
9670 3320
9671 4252
9672 5376
9673 9300
9674 1339
9675 3545
9676 6570
9677 7730
9678 1340
9679 6042
9680 4811
9681 3321
9682 8256
9683 9371
9684 1341
9685 6356
9686 4812
9687 3322
9688 8094
9689 1342
9690 4253
9691 8493
9692 6043
9693 1343
9694 7515
9695 9837
9696 3323
9697 9726
9698 1344
9699 4813
9700 4814
9701 3324
9702 7678
9703 9139
9704 74
9705 3546
9706 5037
9707 7771
9708 3325
9709 6357
9710 7076
9711 3326
9712 75
9713 8806
9714 3547
9715 5038
9716 1345
9717 3548
9718 9709
9719 9801
9720 3327
9721 6044
9722 6045
9723 3328
9724 7216
9725 7474
9726 3628
9727 9984
9728 8566
9729 3329
9730 1346
9731 6046
9732 7589
9733 8694
9734 3330
9735 8107
9736 5377
9737 1347
9738 8108
9739 4815
9740 3331
9741 6706
9742 6707
9743 3332
9744 4254
9745 5378
9746 6814
9747 1348
9748 5039
9749 5040
9750 3333
9751 4255
9752 9309
9753 8922
9754 1349
9755 4816
9756 4817
9757 3334
9758 6047
9759 6949
9760 3335
9761 1350
9762 6950
9763 5041
9764 3336
9765 4256
9766 9710
9767 9086
9768 6048
9769 3337
9770 1351
9771 9078
9772 9740
9773 3338
9774 5379
9775 7590
9776 8299
9777 3339
9778 6049
9779 1352
9780 9251
9781 1353
9782 1354
9783 6358
9784 4818
9785 3340
9786 6571
9787 8768
9788 1355
9789 8579
9790 1356
9791 4819
9792 4820
9793 3341
9794 6951
9795 5380
9796 3342
9797 9004
9798 6359
9799 3343
9800 7591
9801 1357
9802 76
9803 9741
9804 3579
9805 1358
9806 3549
9807 5059
9808 8907
9809 3344
9810 1359
9811 6708
9812 4821
9813 3345
9814 8095
9815 8096
9816 3346
9817 8399
9818 5381
9819 7516
9820 7812
9821 1360
9822 1361
9823 6572
9824 4822
9825 3347
9826 9301
9827 1362
9828 5042
9829 5043
9830 3348
9831 4257
9832 5382
9833 5383
9834 3349
9835 1363
9836 7731
9837 1364
9838 6050
9839 8473
9840 3350
9841 1365
9842 8474
9843 4823
9844 3351
9845 6952
9846 6709
9847 3352
9848 6051
9849 6052
9850 3353
9851 9880
9852 8012
9853 1366
9854 4824
9855 4825
9856 3354
9857 8857
9858 5384
9859 3355
9860 9398
9861 6710
9862 3356
9863 6053
9864 6054
9865 3357
9866 9971
9867 9730
9868 3358
9869 6953
9870 8042
9871 3629
9872 1367
9873 8465
9874 6954
9875 8355
9876 3630
9877 1368
9878 8370
9879 4826
9880 3359
9881 6360
9882 8680
9883 3360
9884 1369
9885 6573
9886 4258
9887 1370
9888 7077
9889 4827
9890 3361
9891 8544
9892 7335
9893 3362
9894 4259
9895 7459
9896 1371
9897 4828
9898 4829
9899 3363
9900 6055
9901 5385
9902 3364
9903 4260
9904 8963
9905 1372
9906 1373
9907 8845
9908 6056
9909 8356
9910 3365
9911 7679
9912 3366
9913 6574
9914 6575
9915 3367
9916 4261
9917 5386
9918 8944
9919 8670
9920 3368
9921 9669
9922 9605
9923 1374
9924 3550
9925 5044
9926 8879
9927 3369
9928 9327
9929 6057
9930 1375
9931 7217
9932 4830
9933 3370
9934 8812
9935 8028
9936 1376
9937 1377
9938 6576
9939 4831
9940 3371
9941 7732
9942 7733
9943 3372
9944 4262
9945 6361
9946 8739
9947 3373
9948 1378
9949 8109
9950 7402
9951 3374
9952 1379
9953 8518
9954 4832
9955 3375
9956 6362
9957 6363
9958 3376
9959 9372
9960 1380
9961 4833
9962 4834
9963 3377
9964 6058
9965 9275
9966 3378
9967 7517
9968 9097
9969 9977
9970 3379
9971 4263
9972 5387
9973 6364
9974 8410
9975 1381
9976 1382
9977 8097
9978 9606
9979 4264
9980 1383
9981 7218
9982 7219
9983 3380
9984 7518
9985 6059
9986 3381
9987 9160
9988 1384
9989 3551
9990 4265
9991 8429
9992 7078
9993 5388
9994 3382
9995 8145
9996 8146
9997 3631
9998 7519
9999 7834
