1000
9942 9944 2
1697 2936 7
4205 4206 3
6177 6179 8
9382 9384 3
2485 2486 9
8935 8937 10
3963 3965 6
6487 6488 5
9482 9484 3
3855 3856 3
514 3893 2
7650 7652 6
3309 3467 5
8192 8194 3
2051 2052 7
172 173 7
4982 4983 5
6681 6682 6
7201 7202 5
4189 4191 6
701 703 6
5957 5959 7
9405 9407 2
3174 3176 9
3427 3428 6
2031 2032 8
687 4995 9
2247 2248 4
2019 2021 10
2598 2599 1
503 505 1
2024 2025 3
5163 5165 1
6738 6740 2
1505 6456 7
7954 7956 10
3915 3916 6
3767 3768 5
4556 4558 4
1736 1737 5
7953 7955 5
5112 5114 10
9657 9658 1
9802 9803 4
1757 1759 9
73 75 1
8035 8037 7
6938 6940 3
6768 6769 10
5319 5320 9
1480 1481 7
7564 7565 8
9959 9961 6
9156 9158 7
9249 9250 3
3391 3392 10
1319 1321 6
51 52 3
3968 3969 3
1645 4212 10
2648 5386 7
2724 2726 2
1976 1977 1
8144 8145 1
9884 9885 4
3519 3521 6
4314 4315 3
2073 2074 9
7585 7587 3
7391 7393 4
3859 3860 5
3801 3803 3
1055 1056 1
1831 1833 4
1897 1898 10
2812 8658 3
1906 1907 1
210 4051 3
162 164 9
7014 7015 5
3745 3747 3
1644 1645 6
2916 7851 10
3711 3712 3
934 936 7
2279 2280 10
5488 5490 3
557 558 2
2332 2334 9
9960 9962 2
509 510 3
3311 3313 6
2691 2693 6
2487 5081 6
2 4 5
905 3885 8
4345 4346 3
4317 4319 4
1282 1283 9
503 504 5
2000 2001 7
5215 5217 8
4328 4330 10
3068 3069 2
5371 5372 1
4537 4539 1
6077 6079 8
7509 7511 5
4763 4765 1
6258 6260 3
4632 4633 10
6993 6994 6
6203 6205 7
5972 5973 7
1066 4180 7
5359 5361 3
8558 8559 9
6669 6671 1
5976 5978 1
9292 9294 6
4674 4676 5
2690 2691 3
5862 5863 3
7442 7444 9
2694 2695 5
6869 6871 1
379 7726 1
5394 5395 7
6407 6409 5
885 1999 9
7636 7638 8
1974 1976 9
3486 3487 10
9209 9210 8
7585 9753 9
8400 8401 7
5335 5336 9
3395 3397 4
1614 1615 5
251 252 6
6479 6480 10
8835 8837 10
4619 4621 1
2718 2720 5
8113 9876 1
477 479 6
9751 9752 2
3107 3108 6
6508 6509 7
9052 9053 3
8232 8233 6
1566 1576 4
1888 1889 4
4222 4224 8
7301 7302 1
2894 2895 2
9710 9711 10
7732 7734 5
6722 6723 9
6142 6143 10
8750 8752 1
4490 4491 6
6451 6453 1
692 7985 4
3793 3795 10
2436 2438 9
9196 9198 1
7637 7638 8
4170 4172 5
9101 9103 4
6014 6016 4
1053 1055 1
6047 6048 5
1070 1072 8
2079 2081 1
4292 4293 2
1548 1549 1
1872 1873 5
7712 7713 7
6349 6351 1
1071 1072 8
6003 6005 9
8128 8130 3
1264 1266 9
8805 8806 5
3703 3705 7
2463 2465 1
6594 6596 7
1709 1711 3
9554 9555 3
1280 1281 2
8768 8770 1
2351 2352 5
7905 7906 8
7616 7617 4
4476 4478 8
8759 8760 10
4962 4963 1
2375 2377 6
3062 3927 7
4163 4165 10
6772 6773 6
2412 2414 2
661 662 5
7992 7994 4
4565 4566 3
4987 4989 2
9793 9794 10
4757 9649 10
1225 1227 7
6160 6161 8
4106 4107 1
5490 5491 9
2644 2645 9
3664 3665 3
2627 2628 4
6561 6563 8
6315 6317 9
9613 9614 3
6579 6581 1
4069 4071 5
960 9577 1
3619 3621 8
6627 6628 1
7069 7071 2
9746 9748 7
5883 5884 7
4787 4948 3
2161 2163 8
9357 9359 7
9421 9423 8
9252 9254 6
1869 1871 9
8228 8229 3
5378 5379 8
4754 4756 5
1673 1674 1
5186 5187 3
53 54 6
2906 2907 7
28 9919 3
2410 2412 1
6831 6832 5
983 1015 10
6256 6258 8
9866 9868 10
7676 7678 5
1135 1136 9
9485 9486 8
5282 5284 1
8632 8633 6
4591 6896 5
537 538 5
5764 5765 1
4421 4423 2
326 327 5
1991 1993 6
9713 9715 9
797 799 8
1452 1453 10
7197 7199 6
8215 8216 9
1629 1631 8
3698 3700 4
3752 4927 4
6554 6556 4
3677 3679 2
7441 7443 9
4744 4746 1
4940 4941 10
5574 6999 2
7427 7428 2
2103 2104 10
6663 8333 7
3863 3864 10
2704 2705 4
3279 3281 6
9840 9842 3
3685 4433 2
8966 8968 8
8479 8481 6
8676 8678 8
7632 7634 10
4351 4353 5
1525 1527 7
6093 6095 1
6528 6529 4
9515 9517 7
6984 6986 1
6261 6263 5
6734 6736 5
5278 5279 1
8108 8110 1
8979 8981 6
7533 7535 6
2993 9432 1
2767 2769 5
3288 6554 6
8084 9867 9
8047 8048 1
9283 9284 6
3778 3780 6
8520 8521 1
5993 5994 5
7975 7976 8
729 730 1
7132 7133 4
1518 1519 1
593 595 5
1160 1161 4
8764 8765 2
7217 7218 9
31 32 9
4578 4580 4
186 187 10
9836 9838 4
1100 1102 10
6737 6739 8
9353 9355 8
6315 6316 4
1516 1518 3
4287 4289 4
250 251 6
7907 7908 3
3383 3384 8
7820 7822 3
1185 4224 9
4503 4505 10
9638 9639 8
7507 7508 5
2754 2755 7
8936 8937 4
1587 1588 7
1490 1492 5
3215 3216 9
7853 7855 5
524 525 4
718 720 6
7651 7652 2
9317 9319 7
183 184 3
4595 4597 5
6564 6566 5
8276 8278 10
9681 9682 5
6775 6777 10
8116 8118 1
8988 8989 5
1977 1979 5
7495 7497 2
5364 5366 10
1802 1804 4
2063 2065 10
5641 5643 2
4 5128 9
5579 5580 8
1910 5424 6
9404 9406 9
8680 8682 6
1612 1614 10
5051 5052 3
9923 9925 10
8836 8838 7
6811 6813 3
9678 9680 8
2206 2207 8
2999 3000 7
257 259 4
1228 1229 10
972 974 6
7661 7662 8
1414 1415 1
5655 5656 6
2604 2605 10
7953 7954 2
3569 3570 10
9775 9776 7
6130 6132 1
2670 6237 8
98 100 1
6450 6451 8
207 208 3
4189 4773 3
2398 2400 3
8274 8275 3
8331 8332 2
2614 6050 6
7695 7696 8
7042 7044 5
4291 6074 3
1266 1267 9
6968 6969 8
1543 8427 10
6337 6339 8
3798 3800 10
9768 9770 1
5072 5073 7
3314 5400 3
780 782 1
2958 2960 6
3021 9422 3
4649 4650 1
5732 7996 10
1252 1253 4
6677 6678 7
3719 3720 2
5639 5775 6
7793 7794 4
3820 3821 7
9936 9938 4
4377 4379 4
2288 2289 9
2383 2385 9
5127 5128 5
810 811 2
952 954 5
8066 8067 10
6687 6688 5
8123 8125 2
876 8201 4
8134 8136 2
2421 2422 10
4580 4581 5
474 476 5
4552 4553 8
4382 8368 5
3790 3792 4
6306 6308 8
7008 9226 9
9759 9761 1
6529 6531 4
2976 2977 7
9244 9245 10
1706 1708 10
6941 6943 1
4934 4936 1
9772 9773 8
9330 9332 5
3103 3401 5
4180 4182 10
30 31 2
5634 5635 3
7847 7849 4
842 843 10
4817 4818 3
4146 4147 9
7641 7642 10
1423 5540 1
3290 3292 8
4018 4020 8
4885 4886 3
5874 5875 6
7096 7098 1
3611 3612 1
9038 9040 6
1804 1805 9
7708 7710 7
3607 3608 2
3545 3546 10
4819 4820 10
3396 3398 2
8601 8602 2
6221 7716 10
1036 1038 2
511 513 10
1662 1664 8
4242 4243 2
322 6248 6
9296 9297 2
7655 7657 7
2746 9289 8
9331 9333 10
1762 1763 4
9062 9064 5
8345 8346 2
4891 4893 2
3316 3317 5
4209 8189 9
6466 6467 6
6847 6849 7
8625 8627 9
1721 1723 10
1263 1265 2
5785 8997 1
3640 3641 3
8546 8548 1
5905 5907 2
1630 1631 6
2327 2328 3
7952 9857 5
4750 4751 5
4053 4055 8
6593 6595 9
1382 1383 3
5153 5154 6
5283 5285 8
1352 1353 7
7946 7948 1
3829 3830 3
760 2402 5
5676 5678 4
6812 6814 1
8254 8255 10
5754 5755 1
4099 4100 9
4764 4765 9
1082 1084 1
7730 7732 2
9449 9451 8
5790 5791 3
2917 2919 3
6175 6176 10
7724 7726 6
4240 4242 1
582 583 7
1642 1644 9
1239 1241 4
4682 4683 1
1579 1581 5
2847 2848 8
6495 6496 4
6084 6086 8
7903 7904 4
6150 6152 5
1625 1626 6
1656 7450 7
7673 7674 5
9835 9836 1
5599 5601 10
6609 6611 6
3720 3722 3
992 1112 6
3175 3176 8
7985 7987 7
5149 5150 2
8306 8308 8
7288 8242 10
3095 3097 5
5865 5867 10
3292 3294 8
6215 6217 5
2351 6007 10
9546 9547 7
9047 9048 4
2935 2937 6
9486 9487 9
8528 8529 3
6043 6045 5
1147 1148 1
2310 2312 2
7340 7341 9
5889 5891 4
8709 8710 8
3533 3534 10
2349 6821 6
8629 8630 10
5286 5288 10
8426 8428 1
6538 6539 7
1308 1678 8
3332 3334 4
8802 8803 10
2300 2301 2
6741 6742 1
4943 4944 9
5823 5824 10
3345 3347 4
2503 2504 3
9328 9330 10
9654 9655 9
4139 4140 8
3779 8812 7
369 8813 1
3741 3743 2
1232 1234 4
1607 2824 9
1571 1573 3
9972 9973 1
7860 7861 7
2719 2721 8
593 594 2
5283 5284 10
8981 8982 10
7443 7445 7
9245 9247 5
4284 4285 10
8181 8183 9
9433 9435 9
4196 4198 1
1751 1752 5
6329 6733 8
4831 4833 4
6804 6805 8
1654 1655 4
1093 1094 6
2467 2469 9
8634 8635 9
8338 8340 7
6830 6831 1
2569 2571 8
8763 8764 1
9128 9130 5
2110 2112 6
553 554 8
839 841 9
394 396 2
8495 8497 5
1862 1863 10
989 991 2
3915 3917 4
1001 1003 1
6639 6640 9
1534 1535 6
8936 8938 4
1309 1310 8
4431 4432 5
7150 7152 2
8985 8987 1
9064 9065 3
7212 7214 6
5375 5377 10
2254 2256 3
4177 9929 8
7225 7227 8
3372 3374 1
2990 2991 9
8108 8109 9
2180 7007 1
1555 1557 6
5028 5029 10
3067 3068 10
501 503 10
2494 2495 2
5299 5300 5
3358 3359 10
3917 3918 2
7760 7762 10
5331 5332 3
4953 4955 10
243 244 2
4577 4578 5
249 251 3
1779 1781 3
3637 3639 6
9842 9843 7
6376 6377 10
9335 9337 5
8831 8833 10
3697 3698 2
4708 4710 6
4310 5673 5
6120 6122 8
7407 7409 10
153 7796 1
9961 9962 1
748 749 3
8290 8291 5
453 455 8
2303 2305 5
1765 1767 6
3547 3548 9
1113 1114 7
4327 4329 3
7330 7331 2
471 472 4
6111 6112 10
1561 1563 1
8304 8306 5
1808 1809 2
4814 9566 7
8585 8587 5
4696 5219 3
3306 3307 5
571 573 7
6801 6802 10
3166 3168 7
5132 5134 10
6179 6180 10
462 463 10
9270 9272 3
1301 1303 9
4797 7674 5
6962 6964 5
3188 3190 7
1869 1870 6
7811 7812 8
9 10 7
2326 2327 5
8513 8515 5
1775 1777 2
4202 4204 2
7841 7843 9
6263 6264 1
141 143 4
8387 8388 2
2646 2648 5
11 12 5
6725 6726 9
2761 2762 1
3053 3055 8
3588 3589 3
7781 7783 6
6582 6583 10
4183 4184 6
2923 2924 4
8243 8245 7
7859 7860 5
9516 9517 5
8774 8775 1
5265 6223 6
9057 9059 7
1968 2232 9
9342 9343 8
6069 6070 4
5269 5270 8
1317 1319 9
2287 2289 3
5280 5282 1
3686 3687 4
1016 1018 8
5370 5371 9
6320 6322 6
7071 7073 8
1979 1981 4
6479 9683 1
5525 5527 8
2940 2942 10
6493 6495 6
2537 2538 8
5887 5889 2
0 9998 4
4466 4468 10
2097 7969 2
6583 6585 1
9089 9090 2
5131 5133 5
4914 6553 9
5093 5094 10
2920 2922 2
2080 2082 5
834 836 10
425 427 8
4107 8472 8
278 279 2
4671 4672 10
7915 7917 10
9882 9884 6
7211 7213 3
3385 3387 3
3584 3585 10
6446 6447 8
7232 7233 7
8429 8431 2
3713 3714 9
9515 9516 1
4987 4988 1
7746 7747 3
837 838 8
150 152 2
8719 8721 8
4936 4938 9
151 153 9
3325 3326 9
7277 7278 3
4879 4881 5
2529 2530 7
976 977 4
8392 8394 5
6020 6021 10
2195 2196 8
705 707 1
6952 6954 3
2618 2619 1
4847 4848 8
5375 5376 5
7591 7592 2
1269 1270 7
3127 3129 1
2940 9130 7
7339 7341 5
8058 8060 4
548 550 4
5830 5831 6
309 311 8
139 140 1
9468 9469 2
8101 8102 9
9150 9151 5
9645 9646 4
6856 6857 1
4181 4183 2
9829 9831 5
580 581 3
1770 1771 7
2954 2956 10
1416 6568 7
1050 1051 8
1570 6268 5
7617 7619 3
3268 3270 5
2276 2277 2
2911 2913 4
4234 4236 1
5488 5489 1
8662 8664 10
2098 2099 3
6902 6903 8
4049 4051 3
3554 3555 9
8325 8326 1
1700 1701 9
154 155 7
8954 9936 6
5838 5839 8
466 467 5
9114 9116 6
5342 5343 10
8640 8642 1
8288 8289 2
5014 5016 3
5559 5561 4
961 963 2
3087 3089 9
4359 4361 4
2728 2730 6
6247 6249 4
4067 4069 5
2086 2087 4
8031 8032 3
1963 1965 7
5484 5485 9
8701 8702 1
4970 4972 8
217 219 5
2532 2534 6
2032 2034 1
622 623 8
7861 7863 2
6256 6257 1
2446 2448 9
6234 6235 8
6265 6266 10
2602 2603 9
5251 5253 7
2406 2407 1
3080 5165 6
2680 8845 5
212 214 4
9430 9432 9
1541 1543 2
3976 3977 5
479 9509 6
4698 4699 7
8743 8745 9
1355 1357 2
2948 2949 6
3645 3646 1
9599 9600 2
3232 3233 2
7624 7626 8
6386 6388 10
6655 6656 7
5964 5966 10
9284 9285 6
8984 8986 1
4785 4787 2
5282 5283 7
3512 3513 3
7510 7512 7
1875 2423 9
225 227 7
8553 8554 10
5455 5457 4
941 943 8
1830 1831 8
6550 6552 4
7185 7186 5
2043 2044 4
6019 6020 4
8953 8955 1
4343 4345 6
4685 4686 6
3772 3774 2
3222 3224 10
6358 6359 2
5204 5206 8
4524 4526 6
8533 8535 4
3066 3067 6
6191 6192 3
4365 4366 3
7931 7933 2
3089 3365 7
8925 8926 4
5350 5351 8
521 2255 5
3827 3829 1
1077 8252 3
4051 4052 3
1635 1636 1
1259 1261 8
398 400 8
4975 4976 9
1775 1776 6
536 9137 6
1884 1886 3
9223 9225 5
889 890 2
8151 8152 8
8197 8198 1
5295 5296 1
1327 1329 8
488 489 1
6979 6980 5
5953 5955 6
3930 3931 5
144 146 6
4579 4580 2
5381 5382 3
6353 6354 3
7471 7472 2
3500 3502 5
7921 7923 10
6434 6435 5
9278 9279 7
8523 8525 10
686 687 6
8566 8568 1
1041 9825 8
627 628 2
8067 8069 1
1877 1878 8
9209 9211 2
3238 3239 7
3698 3699 6
7875 7877 7
5228 5229 4
3007 3008 8
8899 8900 3
1827 1828 10
9711 9713 10
3173 3175 1
8314 8316 9
7932 8603 3
7599 7600 7
744 746 6
6180 6182 6
746 747 9
6201 6203 5
1101 1103 10
8325 8327 9
8212 8213 5
9190 9192 8
3073 7831 3
5611 6194 4
3791 3793 7
4291 4292 2
5107 5109 8
2678 7628 9
877 878 7
7203 7204 10
318 319 10
4154 4156 8
9459 9460 2
8242 8243 7
7925 7926 4
852 854 7
5277 6520 9
8077 8079 7
8728 8730 3
8123 8124 9
9775 9777 9
7073 7075 5
4271 4273 4
7387 7389 2
7916 7918 8
885 9577 7
8240 8241 7
2497 5245 3
1983 1985 9
6601 6603 6
967 5623 8
9532 9534 6
8158 8159 7
6684 6685 10
5394 9101 7
2169 2170 2
9596 9598 9
964 966 3
538 539 8
6377 6378 8
3511 3512 9
2942 2943 6
1966 1967 5
9359 9361 10
6819 6821 10
7479 7480 4
7463 7465 4
5612 5613 6
